-2.773177086073295072e+02
-2.773223058150196039e+02
-2.773223058150196039e+02
-2.773227089722466872e+02
-2.773227089722466872e+02
-2.773314116334215100e+02
-2.773314116334215100e+02
-2.773409469442627255e+02
-2.773409469442627255e+02
-2.773478326100010349e+02
-2.773493214527545661e+02
-2.773531230812204740e+02
-2.773583724926432978e+02
-2.773639748530998759e+02
-2.773639748530998759e+02
-2.773640732914751084e+02
-2.773640732914751084e+02
-2.773654453987577426e+02
-2.773685250314230757e+02
-2.773685250314230757e+02
-2.773687335044551787e+02
-2.773687335044551787e+02
-2.773692134755145275e+02
-2.773758940699611912e+02
-2.773763761905268552e+02
-2.773772143982200760e+02
-2.773772143982200760e+02
-2.773803180110743369e+02
-2.773803180110743369e+02
-2.773821710335549255e+02
-2.773821710335549255e+02
-2.773853030935610491e+02
-2.773870854501152508e+02
-2.773884149534047765e+02
-2.773884149534047765e+02
-2.773914327127138222e+02
-2.773949003261280950e+02
-2.773949003261280950e+02
-2.773968177361478524e+02
-2.773982234387526660e+02
-2.774036930184213361e+02
-2.774036930184213361e+02
-2.774039119023727835e+02
-2.774045196535732885e+02
-2.774069376737941184e+02
-2.774116528428644415e+02
-2.774116528428644415e+02
-2.774122081255644616e+02
-2.774203584845794239e+02
-2.774215773973555201e+02
-2.774215773973555201e+02
-2.774222462208296065e+02
-2.774222462208296065e+02
-2.774276227071334233e+02
-2.774276227071334233e+02
-2.774303417523651660e+02
-2.774307035766163949e+02
-2.774310352129148782e+02
-2.774323831797071307e+02
-2.774323831797071307e+02
-2.774342201488083788e+02
-2.774342201488083788e+02
-2.774371661732023426e+02
-2.774371661732023426e+02
-2.774377362664301359e+02
-2.774398100388356170e+02
-2.774470730288887239e+02
-2.774471412316553369e+02
-2.774471412316553369e+02
-2.774486124672123424e+02
-2.774486124672123424e+02
-2.774508384473105025e+02
-2.774508384473105025e+02
-2.774512883064942343e+02
-2.774512883064942343e+02
-2.774604634896383004e+02
-2.774617857221706458e+02
-2.774625202777161803e+02
-2.774626625074184290e+02
-2.774626625074184290e+02
-2.774641011558901482e+02
-2.774646204296984706e+02
-2.774675649663764716e+02
-2.774675649663764716e+02
-2.774678961039806495e+02
-2.774685405666580209e+02
-2.774702051911490912e+02
-2.774702051911490912e+02
-2.774705277330557465e+02
-2.774719615273636464e+02
-2.774719615273636464e+02
-2.774723475558049586e+02
-2.774769810386372342e+02
-2.774771630828691400e+02
-2.774771630828691400e+02
-2.774891150336677583e+02
-2.774953317466466274e+02
-2.774953317466466274e+02
-2.774967961872347928e+02
-2.774967961872347928e+02
-2.774971883903693879e+02
-2.775020694695526231e+02
-2.775020694695526231e+02
-2.775053401269503865e+02
-2.775056042996516226e+02
-2.775110085339514967e+02
-2.775167124410899078e+02
-2.775176825689798079e+02
-2.775179798509441298e+02
-2.775180428276488556e+02
-2.775180428276488556e+02
-2.775192207443326424e+02
-2.775193313027102704e+02
-2.775210985257462539e+02
-2.775213036266373479e+02
-2.775235473326955002e+02
-2.775235473326955002e+02
-2.775244726064065617e+02
-2.775244726064065617e+02
-2.775280605725443479e+02
-2.775280605725443479e+02
-2.775289483444738039e+02
-2.775289483444738039e+02
-2.775291028839804994e+02
-2.775306449275059322e+02
-2.775306449275059322e+02
-2.775307709001320973e+02
-2.775334414396465377e+02
-2.775339824827149187e+02
-2.775346600553491498e+02
-2.775368538744358489e+02
-2.775372617747748905e+02
-2.775372617747748905e+02
-2.775410587184606470e+02
-2.775437145437048230e+02
-2.775437145437048230e+02
-2.775448278073657775e+02
-2.775448278073657775e+02
-2.775560452139740732e+02
-2.775592155642089551e+02
-2.775633791386891289e+02
-2.775649891349049767e+02
-2.775724809478675184e+02
-2.775748998846694349e+02
-2.775757598882640877e+02
-2.775772494598769526e+02
-2.775772494598769526e+02
-2.775774168953721528e+02
-2.775774168953721528e+02
-2.775800578658218569e+02
-2.775804258908232214e+02
-2.775884873659413756e+02
-2.775884873659413756e+02
-2.775894554577741928e+02
-2.775907950492569398e+02
-2.775915743653212076e+02
-2.775916143998217649e+02
-2.775952295055931813e+02
-2.775975909586290982e+02
-2.775983228957393294e+02
-2.775983228957393294e+02
-2.775984580367179433e+02
-2.775993151330041542e+02
-2.775993151330041542e+02
-2.775995743895703072e+02
-2.776002570064798647e+02
-2.776030143159350700e+02
-2.776058551547326942e+02
-2.776070550108275938e+02
-2.776073533238431423e+02
-2.776074903451976752e+02
-2.776074903451976752e+02
-2.776089397319075260e+02
-2.776090116481060477e+02
-2.776119008951810656e+02
-2.776139372634163465e+02
-2.776146334733503522e+02
-2.776157658310679039e+02
-2.776162879558978602e+02
-2.776170448054919007e+02
-2.776191027892155034e+02
-2.776210456550534786e+02
-2.776213924407514355e+02
-2.776237795529419827e+02
-2.776252401095487130e+02
-2.776301338031353794e+02
-2.776304898706928270e+02
-2.776307061201348461e+02
-2.776314920394585215e+02
-2.776329656495971676e+02
-2.776377519277488659e+02
-2.776381446187730262e+02
-2.776384117936364078e+02
-2.776402502568878390e+02
-2.776404156929839928e+02
-2.776404156929839928e+02
-2.776409451930733212e+02
-2.776419390939160508e+02
-2.776453469201609323e+02
-2.776467761683780395e+02
-2.776469088351199161e+02
-2.776477366663989415e+02
-2.776492056034644520e+02
-2.776517236150720009e+02
-2.776553432567292248e+02
-2.776553894597049066e+02
-2.776553894597049066e+02
-2.776559461909473043e+02
-2.776586344709462537e+02
-2.776601018261131344e+02
-2.776605776104514689e+02
-2.776619221685494949e+02
-2.776619221685494949e+02
-2.776622427300651452e+02
-2.776669814002019052e+02
-2.776686512504570601e+02
-2.776687858073685220e+02
-2.776720018489473887e+02
-2.776728427191604283e+02
-2.776822514489492733e+02
-2.776837221931437512e+02
-2.776851937452665879e+02
-2.776857186506977655e+02
-2.776861025533854104e+02
-2.776900853831697304e+02
-2.776902531503969840e+02
-2.776909800612450567e+02
-2.776968793712980528e+02
-2.776975433808630669e+02
-2.776985197601200639e+02
-2.776998001919051831e+02
-2.777006744422708948e+02
-2.777018595096466811e+02
-2.777043870983799820e+02
-2.777046812228870181e+02
-2.777054003188090974e+02
-2.777054224174688670e+02
-2.777062494973092726e+02
-2.777064485306524375e+02
-2.777080369588818485e+02
-2.777128569963265932e+02
-2.777132187657646227e+02
-2.777136291682444380e+02
-2.777136725508598261e+02
-2.777184308063162916e+02
-2.777185911423696325e+02
-2.777193323485365681e+02
-2.777193854531954571e+02
-2.777205050704803284e+02
-2.777212985290879601e+02
-2.777232643750154466e+02
-2.777250928080537733e+02
-2.777265478786825383e+02
-2.777279763920198548e+02
-2.777302788626672054e+02
-2.777307669244309523e+02
-2.777308537725964470e+02
-2.777317904466280538e+02
-2.777326763092535202e+02
-2.777331148128887435e+02
-2.777335630051686053e+02
-2.777353524808732459e+02
-2.777373104218084450e+02
-2.777380448401953004e+02
-2.777384622553659597e+02
-2.777386227846963607e+02
-2.777400168555210485e+02
-2.777409613868680935e+02
-2.777417751274100510e+02
-2.777485930031942871e+02
-2.777494347841398508e+02
-2.777494395250109278e+02
-2.777542480009392989e+02
-2.777556829204115161e+02
-2.777577207174106775e+02
-2.777593163896487454e+02
-2.777597644107584074e+02
-2.777620003879016508e+02
-2.777649148269647981e+02
-2.777660935477381372e+02
-2.777668570756279678e+02
-2.777676008893650987e+02
-2.777681689394729005e+02
-2.777688960858968130e+02
-2.777709728549071428e+02
-2.777752683377233325e+02
-2.777768100326281342e+02
-2.777769291699794394e+02
-2.777809832351108525e+02
-2.777831573174464665e+02
-2.777852259152901979e+02
-2.777862817650442366e+02
-2.777883076249235614e+02
-2.777888446535993126e+02
-2.777904019263390865e+02
-2.777909915015536626e+02
-2.777914415359520035e+02
-2.777947847044874834e+02
-2.777949818817438654e+02
-2.777959780992853212e+02
-2.777991170901898954e+02
-2.778002988866766145e+02
-2.778006211380106834e+02
-2.778031416443370745e+02
-2.778058862571903092e+02
-2.778069012189893101e+02
-2.778078726510436809e+02
-2.778079537323597492e+02
-2.778087963797959219e+02
-2.778090179845399916e+02
-2.778124522972644286e+02
-2.778149758640814753e+02
-2.778150880839690444e+02
-2.778163757362861475e+02
-2.778164152356766863e+02
-2.778180429818679045e+02
-2.778180570109667542e+02
-2.778212944044323081e+02
-2.778218760179140645e+02
-2.778223533200658153e+02
-2.778230116032741535e+02
-2.778242479726378065e+02
-2.778243960500246317e+02
-2.778270755020753882e+02
-2.778279273637382403e+02
-2.778280351141711435e+02
-2.778291388567010927e+02
-2.778292958842039297e+02
-2.778298065477814589e+02
-2.778299752265218672e+02
-2.778333852268151531e+02
-2.778354949025810470e+02
-2.778358268332239049e+02
-2.778367548730647627e+02
-2.778375920512935977e+02
-2.778386616026126603e+02
-2.778434013668793341e+02
-2.778445702813452272e+02
-2.778472732157646305e+02
-2.778480168195211490e+02
-2.778502020188823849e+02
-2.778503769417940816e+02
-2.778503869914415532e+02
-2.778510465915331906e+02
-2.778514504026321674e+02
-2.778515033603978850e+02
-2.778517302319653481e+02
-2.778541556682124565e+02
-2.778545424256952288e+02
-2.778549782556783612e+02
-2.778554062811505787e+02
-2.778567011058454455e+02
-2.778569531966938939e+02
-2.778587292930529884e+02
-2.778612781492409454e+02
-2.778642320143200664e+02
-2.778642738035965749e+02
-2.778643997348979156e+02
-2.778655600124540115e+02
-2.778670182853768438e+02
-2.778684801863038274e+02
-2.778704213912129717e+02
-2.778704566261920945e+02
-2.778719448749988032e+02
-2.778733576429718255e+02
-2.778753499023006839e+02
-2.778804815634184138e+02
-2.778814645692156660e+02
-2.778820001140632598e+02
-2.778829372319360118e+02
-2.778835484995554452e+02
-2.778836276113560189e+02
-2.778848497839129550e+02
-2.778852777972786043e+02
-2.778865840282661566e+02
-2.778870362002612069e+02
-2.778872687696863295e+02
-2.778893956143108426e+02
-2.778896858518782551e+02
-2.778901879164505999e+02
-2.778906644656503317e+02
-2.778921250762015234e+02
-2.778937929207813227e+02
-2.778945093608791126e+02
-2.778970289495989050e+02
-2.778980922366378081e+02
-2.778984466882183142e+02
-2.778993442919678500e+02
-2.779009201874340533e+02
-2.779041512697626217e+02
-2.779050913001635195e+02
-2.779069815660866425e+02
-2.779070342449492728e+02
-2.779079293247801274e+02
-2.779095236714874773e+02
-2.779099013868248562e+02
-2.779127999064733103e+02
-2.779141514900920811e+02
-2.779153759052905457e+02
-2.779153780003080101e+02
-2.779178800577225275e+02
-2.779181084667775963e+02
-2.779184060253441544e+02
-2.779186825061852346e+02
-2.779219943145081970e+02
-2.779242066106247648e+02
-2.779246692433374619e+02
-2.779276795039991157e+02
-2.779278631451934416e+02
-2.779279296191204480e+02
-2.779280307139769093e+02
-2.779298395534382280e+02
-2.779320123247812830e+02
-2.779328731330751907e+02
-2.779331259349339689e+02
-2.779343766785644334e+02
-2.779377997575569452e+02
-2.779385670947891640e+02
-2.779400626137792187e+02
-2.779411572061436573e+02
-2.779421705627536312e+02
-2.779434322333829073e+02
-2.779435556477362752e+02
-2.779436273480301338e+02
-2.779450708817229270e+02
-2.779473074108112201e+02
-2.779486044352227054e+02
-2.779492457294525138e+02
-2.779507601438517668e+02
-2.779519973639796717e+02
-2.779535554787871092e+02
-2.779555032012619904e+02
-2.779586695603937301e+02
-2.779607678926323615e+02
-2.779611316733336253e+02
-2.779637164499203550e+02
-2.779641820509555714e+02
-2.779653585782455139e+02
-2.779657975017946114e+02
-2.779684918757416767e+02
-2.779750214045135408e+02
-2.779780017784414667e+02
-2.779804110195530029e+02
-2.779813745920661745e+02
-2.779861690210541383e+02
-2.779875068077255378e+02
-2.779898694029220110e+02
-2.779922060263239700e+02
-2.779930890331343107e+02
-2.779945926939290644e+02
-2.779948417003177497e+02
-2.779971169386937504e+02
-2.779974023847007061e+02
-2.779990534665628275e+02
-2.779991576616448583e+02
-2.779992190450519729e+02
-2.780011623922449644e+02
-2.780017474520547012e+02
-2.780022602238244076e+02
-2.780023188710711111e+02
-2.780036751571257696e+02
-2.780044999531784811e+02
-2.780049677370258792e+02
-2.780050063274604781e+02
-2.780065235752314265e+02
-2.780095805019251998e+02
-2.780128566345314880e+02
-2.780156162903451218e+02
-2.780156771099086086e+02
-2.780172936558200263e+02
-2.780177865891351416e+02
-2.780226101955932450e+02
-2.780233022334003863e+02
-2.780281427389081159e+02
-2.780284588018898830e+02
-2.780309060305477828e+02
-2.780310640422346182e+02
-2.780327946703539510e+02
-2.780341853964232541e+02
-2.780342476543446537e+02
-2.780351445762664753e+02
-2.780368280138236514e+02
-2.780374537557753456e+02
-2.780385694283689872e+02
-2.780390562667589620e+02
-2.780391832980138815e+02
-2.780405014047084933e+02
-2.780415370482477329e+02
-2.780426692612122110e+02
-2.780433442846251637e+02
-2.780435113190381458e+02
-2.780444774776876784e+02
-2.780450362955587593e+02
-2.780467157125480639e+02
-2.780468149595747605e+02
-2.780473373569944897e+02
-2.780498816250474192e+02
-2.780514616639742371e+02
-2.780520316855196938e+02
-2.780568935954282779e+02
-2.780587279704947150e+02
-2.780588943800489687e+02
-2.780597600285244653e+02
-2.780623159479668516e+02
-2.780627056096013234e+02
-2.780634371532825071e+02
-2.780655414269639323e+02
-2.780685242365419185e+02
-2.780690632472250172e+02
-2.780702685002860903e+02
-2.780715236866333839e+02
-2.780725731175472220e+02
-2.780728088334917629e+02
-2.780734618667349309e+02
-2.780744238707158615e+02
-2.780745816497715737e+02
-2.780773520131336340e+02
-2.780773820813769248e+02
-2.780788378498217526e+02
-2.780798639709062172e+02
-2.780815882270162547e+02
-2.780822153645845560e+02
-2.780844499045585394e+02
-2.780851628615357640e+02
-2.780853117379631385e+02
-2.780859615286065036e+02
-2.780882064624617556e+02
-2.780908503320329146e+02
-2.780920258434395009e+02
-2.780925997568980961e+02
-2.780926812981794569e+02
-2.780940576585475128e+02
-2.780944741528423378e+02
-2.780944964547298355e+02
-2.780960215668980027e+02
-2.780971987271910280e+02
-2.780986520428381823e+02
-2.780991240935427413e+02
-2.780996907093432355e+02
-2.781037567263004462e+02
-2.781053251059598779e+02
-2.781060362886256598e+02
-2.781065658109279184e+02
-2.781083489291956994e+02
-2.781087967634735492e+02
-2.781089820138791993e+02
-2.781124260632012124e+02
-2.781175047733912038e+02
-2.781184864514395940e+02
-2.781194043231064370e+02
-2.781198881953457658e+02
-2.781221267903997045e+02
-2.781223410352832843e+02
-2.781228157381613073e+02
-2.781288257480548509e+02
-2.781301150723473938e+02
-2.781311897090278649e+02
-2.781348316367003122e+02
-2.781382154216003642e+02
-2.781382791930432177e+02
-2.781384130368517162e+02
-2.781393042743392243e+02
-2.781398763013464759e+02
-2.781402802523282389e+02
-2.781404969222680279e+02
-2.781413655349501823e+02
-2.781415157741139410e+02
-2.781421094431387360e+02
-2.781427396277346134e+02
-2.781454157094251514e+02
-2.781459296305559405e+02
-2.781465403753162491e+02
-2.781477524656410196e+02
-2.781478177595428178e+02
-2.781482161838998195e+02
-2.781498900843720889e+02
-2.781523144078889800e+02
-2.781525870829838709e+02
-2.781525972350946176e+02
-2.781528828873917973e+02
-2.781552088833005314e+02
-2.781562009754620703e+02
-2.781562009754620703e+02
-2.781563894523462181e+02
-2.781580837923020795e+02
-2.781583465985735302e+02
-2.781585702437402006e+02
-2.781605373249177546e+02
-2.781609637457930830e+02
-2.781609637457930830e+02
-2.781610240463065793e+02
-2.781650483492410899e+02
-2.781683290362490766e+02
-2.781693225220803924e+02
-2.781725030302573032e+02
-2.781727650655092248e+02
-2.781731287790134957e+02
-2.781731674720793421e+02
-2.781740023499332892e+02
-2.781743465452470332e+02
-2.781764013662807429e+02
-2.781784378498032879e+02
-2.781788948340673073e+02
-2.781826370666748858e+02
-2.781840926015252080e+02
-2.781845737320828107e+02
-2.781847536507120822e+02
-2.781870158967403199e+02
-2.781885399063813793e+02
-2.781900013825172664e+02
-2.781915179954999076e+02
-2.781932266142658250e+02
-2.781932976301106351e+02
-2.781954976908170920e+02
-2.781975320171027306e+02
-2.781996142262941589e+02
-2.782007435344197006e+02
-2.782012693216763637e+02
-2.782031414105824183e+02
-2.782031414105824183e+02
-2.782052108620268882e+02
-2.782084154643851548e+02
-2.782105560912577289e+02
-2.782145586538269413e+02
-2.782184142219458067e+02
-2.782196525413278323e+02
-2.782234029887180213e+02
-2.782246073939344910e+02
-2.782274005726577570e+02
-2.782274656259392032e+02
-2.782276228420164443e+02
-2.782304145468851289e+02
-2.782304968285089330e+02
-2.782310484094678031e+02
-2.782322698701649983e+02
-2.782341818489934440e+02
-2.782365065601745187e+02
-2.782400950491115168e+02
-2.782403541235327680e+02
-2.782418775311809895e+02
-2.782427462102967866e+02
-2.782445024641226610e+02
-2.782445024641226610e+02
-2.782463616621311076e+02
-2.782463853238675711e+02
-2.782491413944331953e+02
-2.782491413944331953e+02
-2.782498043578029296e+02
-2.782498312607674507e+02
-2.782501824215067359e+02
-2.782501824215067359e+02
-2.782512640729808595e+02
-2.782512640729808595e+02
-2.782548806124518705e+02
-2.782551832806260563e+02
-2.782560133217285170e+02
-2.782561285688695989e+02
-2.782569712620365294e+02
-2.782572435748535327e+02
-2.782582347226108368e+02
-2.782629299069113813e+02
-2.782658974116400259e+02
-2.782661707933770003e+02
-2.782662679886619799e+02
-2.782680849169190651e+02
-2.782687446966343146e+02
-2.782687446966343146e+02
-2.782700595785443056e+02
-2.782700595785443056e+02
-2.782731428729445042e+02
-2.782733347612886519e+02
-2.782737856362675188e+02
-2.782739908188608524e+02
-2.782747790667725099e+02
-2.782753598965222182e+02
-2.782759209987590339e+02
-2.782765076856750284e+02
-2.782766652377347896e+02
-2.782790615652929773e+02
-2.782791376446157869e+02
-2.782804627432029179e+02
-2.782805009023471143e+02
-2.782807478793446307e+02
-2.782819376734986463e+02
-2.782829363277889456e+02
-2.782871716366350938e+02
-2.782900210440826640e+02
-2.782900210440826640e+02
-2.782929048314253464e+02
-2.782949353883548156e+02
-2.782958283385638651e+02
-2.782973182975518398e+02
-2.783002823206593348e+02
-2.783003322956733427e+02
-2.783011654255766416e+02
-2.783035618201456032e+02
-2.783043339798258557e+02
-2.783046376930506653e+02
-2.783065631256161510e+02
-2.783073484330947167e+02
-2.783080860521056366e+02
-2.783126777313397042e+02
-2.783126777313397042e+02
-2.783128657795209620e+02
-2.783160300010279116e+02
-2.783275471630296352e+02
-2.783276844116095958e+02
-2.783286996239886548e+02
-2.783315489902090576e+02
-2.783342888590408393e+02
-2.783383092611132952e+02
-2.783389328879901541e+02
-2.783426138389077664e+02
-2.783427205860511435e+02
-2.783442658732641348e+02
-2.783461771021821960e+02
-2.783479106660176967e+02
-2.783480717828597335e+02
-2.783492523979799671e+02
-2.783497985660638392e+02
-2.783516432755200185e+02
-2.783516432755200185e+02
-2.783516479891982272e+02
-2.783544043504836054e+02
-2.783564121900587907e+02
-2.783610433628227270e+02
-2.783610433628227270e+02
-2.783623012390177109e+02
-2.783623012390177109e+02
-2.783625599171848535e+02
-2.783633439830451266e+02
-2.783650711052787869e+02
-2.783675144803490866e+02
-2.783696450419078019e+02
-2.783704888908732187e+02
-2.783711121530681112e+02
-2.783727701621379538e+02
-2.783747514236287088e+02
-2.783766031528263625e+02
-2.783806852247645907e+02
-2.783831392677080316e+02
-2.783880548517512921e+02
-2.783896820363169127e+02
-2.783950654511489802e+02
-2.783979936804154249e+02
-2.783989520153319859e+02
-2.783990837312085205e+02
-2.783999167843410305e+02
-2.784055509531667667e+02
-2.784133593423677553e+02
-2.784177917355139584e+02
-2.784178641235080249e+02
-2.784206795118997206e+02
-2.784222943416958742e+02
-2.784223986680190137e+02
-2.784264686219020177e+02
-2.784264686219020177e+02
-2.784302876622356848e+02
-2.784302876622356848e+02
-2.784312645202501812e+02
-2.784314424089498061e+02
-2.784314424089498061e+02
-2.784324476651676150e+02
-2.784330273897361394e+02
-2.784335615298326161e+02
-2.784356048963933858e+02
-2.784369698094363912e+02
-2.784369698094363912e+02
-2.784377098226586327e+02
-2.784377098226586327e+02
-2.784382651617322608e+02
-2.784388007019339284e+02
-2.784392917080897405e+02
-2.784409584423400474e+02
-2.784415740692193140e+02
-2.784452393891151587e+02
-2.784457760237264665e+02
-2.784527964451375510e+02
-2.784546733581397007e+02
-2.784548197795537590e+02
-2.784558427053700598e+02
-2.784558705767504989e+02
-2.784561365546370553e+02
-2.784585720845398100e+02
-2.784639797075391243e+02
-2.784657546001427022e+02
-2.784672484826701861e+02
-2.784706797059105838e+02
-2.784710448760092731e+02
-2.784710938029342060e+02
-2.784714679942036355e+02
-2.784759345673541588e+02
-2.784759345673541588e+02
-2.784815800288207583e+02
-2.784831494227459530e+02
-2.784831494227459530e+02
-2.784852628672700803e+02
-2.784858077475826121e+02
-2.784911876212809716e+02
-2.784990178707436144e+02
-2.785001150750458692e+02
-2.785002563543314977e+02
-2.785012902188985890e+02
-2.785023054742786144e+02
-2.785029171711457820e+02
-2.785032643191027546e+02
-2.785042385736126107e+02
-2.785102467046701804e+02
-2.785121763499257668e+02
-2.785123060854883761e+02
-2.785123060854883761e+02
-2.785160548456414062e+02
-2.785165218004783014e+02
-2.785178068647946930e+02
-2.785178772901371644e+02
-2.785180402713594390e+02
-2.785209647663803594e+02
-2.785209647663803594e+02
-2.785212000601650857e+02
-2.785212000601650857e+02
-2.785217478991086750e+02
-2.785218038817722572e+02
-2.785225646009722027e+02
-2.785225646009722027e+02
-2.785248655551378647e+02
-2.785280112613646679e+02
-2.785280112613646679e+02
-2.785335200505402327e+02
-2.785385760079359443e+02
-2.785385822610292621e+02
-2.785390894162658242e+02
-2.785449102135344788e+02
-2.785462294447502245e+02
-2.785470400760675602e+02
-2.785476776182693470e+02
-2.785476776182693470e+02
-2.785489266072254964e+02
-2.785490181260028635e+02
-2.785504769926745894e+02
-2.785504769926745894e+02
-2.785534541604812944e+02
-2.785554181076551572e+02
-2.785563169166129001e+02
-2.785592624780106235e+02
-2.785594320408297335e+02
-2.785594320408297335e+02
-2.785601600832882241e+02
-2.785683687478464776e+02
-2.785686064329260034e+02
-2.785697672057399359e+02
-2.785697855169472632e+02
-2.785703781634538814e+02
-2.785724338489708316e+02
-2.785750070487424068e+02
-2.785751066327301260e+02
-2.785771922495635522e+02
-2.785774876333404109e+02
-2.785789934394603620e+02
-2.785792655306928509e+02
-2.785797418365279441e+02
-2.785808521262435420e+02
-2.785855968717404494e+02
-2.785867620120296806e+02
-2.785867620120296806e+02
-2.785872478559909382e+02
-2.785874578962975079e+02
-2.785874578962975079e+02
-2.785877581826622986e+02
-2.785897567647578512e+02
-2.785897567647578512e+02
-2.785905793452926105e+02
-2.785919562438521098e+02
-2.785925240667168623e+02
-2.785925240667168623e+02
-2.785947357211000508e+02
-2.785947357211000508e+02
-2.785964888433418878e+02
-2.785964888433418878e+02
-2.785977594053645703e+02
-2.785986219983943215e+02
-2.785999189379865584e+02
-2.786018587564952327e+02
-2.786019759003072522e+02
-2.786020291780121738e+02
-2.786035401663194762e+02
-2.786035401663194762e+02
-2.786044442924869600e+02
-2.786051502496607668e+02
-2.786051944336643373e+02
-2.786070487817730736e+02
-2.786070487817730736e+02
-2.786120475942456096e+02
-2.786120475942456096e+02
-2.786123308239811536e+02
-2.786125299044766734e+02
-2.786129735502872791e+02
-2.786129735502872791e+02
-2.786149987068072278e+02
-2.786149987068072278e+02
-2.786165210573208242e+02
-2.786194132476752543e+02
-2.786223560541351389e+02
-2.786230611654611948e+02
-2.786235001452419624e+02
-2.786263696495752242e+02
-2.786263851883878715e+02
-2.786265169914038324e+02
-2.786265169914038324e+02
-2.786273221716420494e+02
-2.786345515807827269e+02
-2.786347285186100180e+02
-2.786347285186100180e+02
-2.786362621078058055e+02
-2.786371155059511011e+02
-2.786371155059511011e+02
-2.786391273214681519e+02
-2.786404380319046368e+02
-2.786454135543314692e+02
-2.786463668679266448e+02
-2.786467425166896987e+02
-2.786503015128766378e+02
-2.786520040374018663e+02
-2.786595617614265734e+02
-2.786602438326680726e+02
-2.786602438326680726e+02
-2.786610196541415689e+02
-2.786610196541415689e+02
-2.786616905127251584e+02
-2.786655872365729465e+02
-2.786660593147707914e+02
-2.786677617918695091e+02
-2.786677617918695091e+02
-2.786696030849290082e+02
-2.786696030849290082e+02
-2.786710725174569916e+02
-2.786753312999853165e+02
-2.786852160035606403e+02
-2.786862086493547963e+02
-2.786893484681883137e+02
-2.786902608609592562e+02
-2.786902608609592562e+02
-2.786916796770005931e+02
-2.786916796770005931e+02
-2.786923940404249151e+02
-2.786941221474270378e+02
-2.786964888686869699e+02
-2.787014212162183071e+02
-2.787014212162183071e+02
-2.787024002279011938e+02
-2.787037225549390200e+02
-2.787044696274861622e+02
-2.787084463628100366e+02
-2.787109973006681685e+02
-2.787158924464640108e+02
-2.787158924464640108e+02
-2.787164860178681920e+02
-2.787164860178681920e+02
-2.787197650681315508e+02
-2.787199590817166381e+02
-2.787210513888868491e+02
-2.787214905033256969e+02
-2.787218153666448757e+02
-2.787237550760537488e+02
-2.787237550760537488e+02
-2.787292186074571987e+02
-2.787292186074571987e+02
-2.787334323103176530e+02
-2.787360598556268769e+02
-2.787394728369337145e+02
-2.787394728369337145e+02
-2.787394875804437220e+02
-2.787394875804437220e+02
-2.787414676756029621e+02
-2.787414676756029621e+02
-2.787416289075532632e+02
-2.787416600809594911e+02
-2.787416600809594911e+02
-2.787454682774308026e+02
-2.787474004793508584e+02
-2.787474004793508584e+02
-2.787489953709078918e+02
-2.787489953709078918e+02
-2.787519342345790392e+02
-2.787519342345790392e+02
-2.787549720248420044e+02
-2.787554259865762560e+02
-2.787554259865762560e+02
-2.787556314434402793e+02
-2.787556314434402793e+02
-2.787565631138853632e+02
-2.787569203671416176e+02
-2.787569203671416176e+02
-2.787569553121939521e+02
-2.787590309292047550e+02
-2.787618759791819230e+02
-2.787618759791819230e+02
-2.787653049938429604e+02
-2.787685835386448616e+02
-2.787696796128359438e+02
-2.787728002025156115e+02
-2.787732580622276259e+02
-2.787789930398541856e+02
-2.787797871380495280e+02
-2.787806219689643967e+02
-2.787819927426237427e+02
-2.787864022997708275e+02
-2.787864022997708275e+02
-2.787891268442244836e+02
-2.787891268442244836e+02
-2.787918736450960182e+02
-2.787972748201459581e+02
-2.787972748201459581e+02
-2.787974025098104676e+02
-2.788013387098749263e+02
-2.788020964220607993e+02
-2.788041318645114188e+02
-2.788077227981216311e+02
-2.788077227981216311e+02
-2.788090682678794110e+02
-2.788215723464334133e+02
-2.788215723464334133e+02
-2.788246161823796569e+02
-2.788339121341757618e+02
-2.788360037026731675e+02
-2.788403542417691483e+02
-2.788414287123414397e+02
-2.788414287123414397e+02
-2.788426727649914483e+02
-2.788437743220096081e+02
-2.788467590995128376e+02
-2.788467590995128376e+02
-2.788545003343708686e+02
-2.788558054692263113e+02
-2.788575307861066790e+02
-2.788604369722565934e+02
-2.788623368341212654e+02
-2.788653877209580401e+02
-2.788653877209580401e+02
-2.788657954488737687e+02
-2.788708605029892738e+02
-2.788708605029892738e+02
-2.788734145988952378e+02
-2.788742569304124572e+02
-2.788750870097874781e+02
-2.788753603335615026e+02
-2.788774947753095148e+02
-2.788778091423978367e+02
-2.788799507223159821e+02
-2.788811397530882914e+02
-2.788846485218726912e+02
-2.788853478817154610e+02
-2.788862610677547309e+02
-2.788862610677547309e+02
-2.788872485387137772e+02
-2.788908275392392397e+02
-2.788908275392392397e+02
-2.788926681331532791e+02
-2.788934333438599538e+02
-2.789021371875433033e+02
-2.789021371875433033e+02
-2.789045625931386780e+02
-2.789045625931386780e+02
-2.789045747203924748e+02
-2.789067583441091074e+02
-2.789067688237860807e+02
-2.789088367296694742e+02
-2.789112507978268241e+02
-2.789115227823446048e+02
-2.789118693484796268e+02
-2.789132428290185999e+02
-2.789139142690448239e+02
-2.789148403708388173e+02
-2.789183474438700046e+02
-2.789193415913819081e+02
-2.789193415913819081e+02
-2.789214313994491476e+02
-2.789230588919410820e+02
-2.789230588919410820e+02
-2.789240759264700955e+02
-2.789263575331268612e+02
-2.789280799915060243e+02
-2.789280799915060243e+02
-2.789320648949034762e+02
-2.789320648949034762e+02
-2.789322981274380595e+02
-2.789346343282404064e+02
-2.789349228820403823e+02
-2.789370917836590138e+02
-2.789370917836590138e+02
-2.789376648949105970e+02
-2.789376648949105970e+02
-2.789379527722505827e+02
-2.789411768600925825e+02
-2.789411768600925825e+02
-2.789473084721726650e+02
-2.789480663054931142e+02
-2.789480663054931142e+02
-2.789488755234985433e+02
-2.789490239151434139e+02
-2.789490239151434139e+02
-2.789492373592888157e+02
-2.789492373592888157e+02
-2.789510398751853018e+02
-2.789533971375659576e+02
-2.789537792509368046e+02
-2.789579230848132170e+02
-2.789603547697577710e+02
-2.789644422143942393e+02
-2.789644422143942393e+02
-2.789655829751442297e+02
-2.789655829751442297e+02
-2.789675220937886024e+02
-2.789675220937886024e+02
-2.789757497729950160e+02
-2.789844515531327147e+02
-2.789879692959515296e+02
-2.789879692959515296e+02
-2.789908321478781090e+02
-2.789908321478781090e+02
-2.789933583516314002e+02
-2.789933583516314002e+02
-2.789973107538942259e+02
-2.790025461561502311e+02
-2.790025461561502311e+02
-2.790037655219275052e+02
-2.790056010670628552e+02
-2.790103284702972815e+02
-2.790107689777368591e+02
-2.790107689777368591e+02
-2.790153017787559406e+02
-2.790174732593516183e+02
-2.790178069666999363e+02
-2.790236661240862759e+02
-2.790236661240862759e+02
-2.790260469083486896e+02
-2.790286568287544924e+02
-2.790292567949737759e+02
-2.790466416988145397e+02
-2.790511639040735190e+02
-2.790528966755928764e+02
-2.790552995291993739e+02
-2.790577528213548817e+02
-2.790582552867305708e+02
-2.790596132654508779e+02
-2.790656976883969946e+02
-2.790666887197477877e+02
-2.790699343005069863e+02
-2.790721716745109688e+02
-2.790721716745109688e+02
-2.790746359548139708e+02
-2.790768408835737091e+02
-2.790855111344086481e+02
-2.790866713207888097e+02
-2.790875509128206318e+02
-2.790976373242968975e+02
-2.791056820354873480e+02
-2.791110450409503869e+02
-2.791176227115705615e+02
-2.791313243400902593e+02
-2.791324877453940871e+02
-2.791344196733241461e+02
-2.791351351148015851e+02
-2.791353515458193897e+02
-2.791353515458193897e+02
-2.791524008895106022e+02
-2.791524144008554345e+02
-2.791524144008554345e+02
-2.791531766042934350e+02
-2.791571792131807115e+02
-2.791589074030996471e+02
-2.791620671701299443e+02
-2.791620671701299443e+02
-2.791624388273150998e+02
-2.791656891890611973e+02
-2.791700025244541621e+02
-2.791701671163463629e+02
-2.791743633250786729e+02
-2.791771211598428408e+02
-2.791771211598428408e+02
-2.791794876175167701e+02
-2.791794876175167701e+02
-2.791795118557456590e+02
-2.791795118557456590e+02
-2.791842593227897851e+02
-2.791868793027725815e+02
-2.791874360611070642e+02
-2.791893422430288183e+02
-2.791893422430288183e+02
-2.791903062220221727e+02
-2.791927617350526134e+02
-2.791950998479283044e+02
-2.791974501201779049e+02
-2.792010991366862527e+02
-2.792010991366862527e+02
-2.792027638580967732e+02
-2.792030348907661619e+02
-2.792030348907661619e+02
-2.792065099352988682e+02
-2.792065099352988682e+02
-2.792068728854438859e+02
-2.792068728854438859e+02
-2.792124530616805487e+02
-2.792140497246289783e+02
-2.792151687654776993e+02
-2.792212019321360685e+02
-2.792232748388289565e+02
-2.792364993033591531e+02
-2.792364993033591531e+02
-2.792382799122393635e+02
-2.792435429779188212e+02
-2.792504388488791847e+02
-2.792523801552835039e+02
-2.792523801552835039e+02
-2.792528527060850934e+02
-2.792541593592871436e+02
-2.792545400205872284e+02
-2.792545400205872284e+02
-2.792561837748553444e+02
-2.792581097420253968e+02
-2.792581097420253968e+02
-2.792655450089781652e+02
-2.792655450089781652e+02
-2.792669498004503907e+02
-2.792692054465422871e+02
-2.792712771484364112e+02
-2.792757664512292308e+02
-2.792766726843536844e+02
-2.792769524150872940e+02
-2.792782987185867114e+02
-2.792782987185867114e+02
-2.792854298813616083e+02
-2.792860034375486293e+02
-2.792860034375486293e+02
-2.792892670629961458e+02
-2.792926724998843611e+02
-2.792955276634841653e+02
-2.792955276634841653e+02
-2.793010819929151580e+02
-2.793042225294837522e+02
-2.793042225294837522e+02
-2.793049975414014625e+02
-2.793071451523817927e+02
-2.793113312752069533e+02
-2.793143689616673555e+02
-2.793144616285527491e+02
-2.793157255833217505e+02
-2.793160932067815452e+02
-2.793160932067815452e+02
-2.793188271106553202e+02
-2.793261174785389471e+02
-2.793261174785389471e+02
-2.793396687383495305e+02
-2.793396687383495305e+02
-2.793457732347455931e+02
-2.793458028564463120e+02
-2.793458028564463120e+02
-2.793460002536078832e+02
-2.793485482900441639e+02
-2.793487610830422909e+02
-2.793491596038477951e+02
-2.793494111323183233e+02
-2.793525825036428500e+02
-2.793529120328408908e+02
-2.793580480793073093e+02
-2.793600929143881331e+02
-2.793729862648310700e+02
-2.793733052860400221e+02
-2.793733052860400221e+02
-2.793735797167196324e+02
-2.793752525066241787e+02
-2.793793741675755200e+02
-2.793801036652309335e+02
-2.793833399147512750e+02
-2.793833399147512750e+02
-2.793851471808579277e+02
-2.793877741078155168e+02
-2.793890134594828965e+02
-2.793980896617968597e+02
-2.794090306516841338e+02
-2.794171062080301908e+02
-2.794276449673344018e+02
-2.794340083159939354e+02
-2.794340083159939354e+02
-2.794345986235993564e+02
-2.794350850768639702e+02
-2.794360829368289387e+02
-2.794367322615839839e+02
-2.794374468484188014e+02
-2.794378941461109207e+02
-2.794403425126634488e+02
-2.794403425126634488e+02
-2.794467613165292050e+02
-2.794486409814633703e+02
-2.794567882254190181e+02
-2.794567882254190181e+02
-2.794577139435637605e+02
-2.794580095265768023e+02
-2.794584195324987377e+02
-2.794595510365680298e+02
-2.794611539791124528e+02
-2.794614524224333536e+02
-2.794648755440211403e+02
-2.794713724142841329e+02
-2.794769337673812970e+02
-2.794769337673812970e+02
-2.794858923415256982e+02
-2.794862426930877746e+02
-2.794875148489051071e+02
-2.794906669842692395e+02
-2.794906753361425444e+02
-2.794910255247900750e+02
-2.794932949832733584e+02
-2.794940181226658069e+02
-2.795053163417886708e+02
-2.795119202952670321e+02
-2.795132382358489167e+02
-2.795169799392620007e+02
-2.795189120224556518e+02
-2.795309893672821886e+02
-2.795399132600870757e+02
-2.795472045975027982e+02
-2.795526589187086302e+02
-2.795576368928132069e+02
-2.795576574198663025e+02
-2.795585636616976899e+02
-2.795673475885856192e+02
-2.795688893694190256e+02
-2.795703806628342249e+02
-2.795740263510194268e+02
-2.795895326103340608e+02
-2.795898606627557683e+02
-2.795959598863751125e+02
-2.795981178903141426e+02
-2.796213210404498568e+02
-2.796225810759891601e+02
-2.796225810759891601e+02
-2.796234789555836073e+02
-2.796234789555836073e+02
-2.796240359067219288e+02
-2.796240555781864714e+02
-2.796284833873809248e+02
-2.796392392783625382e+02
-2.796417393578127530e+02
-2.796424609996001323e+02
-2.796443551856833665e+02
-2.796557731660916488e+02
-2.796561524151262006e+02
-2.796561524151262006e+02
-2.796660961366806646e+02
-2.796688557278592953e+02
-2.796688557278592953e+02
-2.796728942330036034e+02
-2.796737515398662595e+02
-2.796798914795924134e+02
-2.796809661100999733e+02
-2.796911950567400709e+02
-2.796911950567400709e+02
-2.797022432561176970e+02
-2.797022432561176970e+02
-2.797068023064355771e+02
-2.797127893650074384e+02
-2.797233918502455481e+02
-2.797233918502455481e+02
-2.797303527357657913e+02
-2.797317803512282808e+02
-2.797322167179970620e+02
-2.797345756988194694e+02
-2.797347313775813404e+02
-2.797421211639417038e+02
-2.797436844497704556e+02
-2.797460783977573442e+02
-2.797504927952152229e+02
-2.797505310526482276e+02
-2.797507896821019813e+02
-2.797525170558562877e+02
-2.797525170558562877e+02
-2.797561132938626542e+02
-2.797608682088017531e+02
-2.797826618463656132e+02
-2.797843268645013950e+02
-2.797965242363407583e+02
-2.797989333726970926e+02
-2.798045540026270714e+02
-2.798084020520427089e+02
-2.798099108523373388e+02
-2.798158045519315351e+02
-2.798173407893112312e+02
-2.798276918763424987e+02
-2.798382439981543257e+02
-2.798383812569840643e+02
-2.798452324757234919e+02
-2.798465195061796180e+02
-2.798466022989463795e+02
-2.798515034970546367e+02
-2.798516746830274542e+02
-2.798641398988258402e+02
-2.798674918570425802e+02
-2.798722522336742031e+02
-2.798787522640035945e+02
-2.798792999006130344e+02
-2.798799016624341789e+02
-2.798816557182813085e+02
-2.798835429291152082e+02
-2.798850002595199840e+02
-2.798881450068652157e+02
-2.799029410740122330e+02
-2.799059912161396824e+02
-2.799083274866188731e+02
-2.799110093396980687e+02
-2.799124410278592450e+02
-2.799229369023811387e+02
-2.799287732137466946e+02
-2.799304388840892557e+02
-2.799376721687507370e+02
-2.799416191595059900e+02
-2.799458906243485217e+02
-2.799600123036611876e+02
-2.799612932135345318e+02
-2.799669764278676212e+02
-2.799678930743352225e+02
-2.799714546812748495e+02
-2.799722041297164310e+02
-2.799724300453741535e+02
-2.799819366338751365e+02
-2.799840158188988539e+02
-2.799852993781987038e+02
-2.799890825872091682e+02
-2.799903070710089423e+02
-2.799906735846294623e+02
-2.799936610228940594e+02
-2.800012678912829074e+02
-2.800072543884289189e+02
-2.800124954071993670e+02
-2.800127734718851684e+02
-2.800243394531756849e+02
-2.800317929062791222e+02
-2.800348274541087221e+02
-2.800369959160262852e+02
-2.800384274184522155e+02
-2.800403312684166508e+02
-2.800404143014503688e+02
-2.800408480436259993e+02
-2.800463613367206790e+02
-2.800605282815184296e+02
-2.800610459385126205e+02
-2.800642601574103310e+02
-2.800679320549392060e+02
-2.800747518412912314e+02
-2.800828169087423021e+02
-2.800887416699182495e+02
-2.800915670610366419e+02
-2.801054291225090083e+02
-2.801101309974491187e+02
-2.801120034385078270e+02
-2.801193448343908585e+02
-2.801384053171996129e+02
-2.801406833219933787e+02
-2.801509236938059075e+02
-2.801514387328087992e+02
-2.801516498491935749e+02
-2.801559570897646836e+02
-2.801625681309884612e+02
-2.801630393040323952e+02
-2.801657066154059521e+02
-2.801690586860996746e+02
-2.801813989053827640e+02
-2.801835762643627845e+02
-2.801881478491048370e+02
-2.801910136157517286e+02
-2.801935547125859785e+02
-2.801953576769302572e+02
-2.801975057166396255e+02
-2.802064127823857689e+02
-2.802106706236311311e+02
-2.802133245660351690e+02
-2.802168494487327166e+02
-2.802183368751446437e+02
-2.802370225914087882e+02
-2.802387641805026988e+02
-2.802409358417318117e+02
-2.802458505434325389e+02
-2.802535854299313200e+02
-2.802650055358988652e+02
-2.802739351913385235e+02
-2.802759265273007259e+02
-2.802770760488091355e+02
-2.802986242627377464e+02
-2.802988807960008444e+02
-2.803018810936646332e+02
-2.803050197146778260e+02
-2.803131171845562335e+02
-2.803156004071672101e+02
-2.803178766519849887e+02
-2.803319467911893526e+02
-2.803362236261949647e+02
-2.803380606954368659e+02
-2.803444046383891077e+02
-2.803546893194042013e+02
-2.803574460996353537e+02
-2.803575222790265116e+02
-2.803650591797780294e+02
-2.803697317965162483e+02
-2.803791946394332513e+02
-2.803801250196597721e+02
-2.803965199764161298e+02
-2.803985979145646752e+02
-2.804128672774343727e+02
-2.804354971281043731e+02
-2.804563042908661714e+02
-2.804568300364271067e+02
-2.804622336620652732e+02
-2.804709698950978236e+02
-2.804724019882360153e+02
-2.804742628858604689e+02
-2.804766775900862967e+02
-2.804770047350644973e+02
-2.804839674042427191e+02
-2.804915074228632648e+02
-2.804933510296590953e+02
-2.804939758711405489e+02
-2.805029504742125823e+02
-2.805120033274789648e+02
-2.805198434421953380e+02
-2.805305590078395426e+02
-2.805306238408093122e+02
-2.805375088978753979e+02
-2.805384025771215875e+02
-2.805431947834152879e+02
-2.805501277600470758e+02
-2.805598180703585740e+02
-2.805603305931156228e+02
-2.805814868025825604e+02
-2.805900913308570921e+02
-2.805949113902710224e+02
-2.806191423892751686e+02
-2.806210317866501214e+02
-2.806366792173415661e+02
-2.806441232183782404e+02
-2.806463089744153763e+02
-2.806465010708863588e+02
-2.806541508932227771e+02
-2.806582869098503465e+02
-2.806606306694001773e+02
-2.806606710924380650e+02
-2.806631161035630839e+02
-2.806640238277188928e+02
-2.806662176446693593e+02
-2.806665100253694050e+02
-2.806683706614625180e+02
-2.806862919413154600e+02
-2.806866634481381197e+02
-2.806898530121043223e+02
-2.806972720403954327e+02
-2.807204879879255373e+02
-2.807280349397226473e+02
-2.807295018924328929e+02
-2.807310618273721730e+02
-2.807515068501764972e+02
-2.807532158317321773e+02
-2.807544473603561528e+02
-2.807572499774572634e+02
-2.807635003517597170e+02
-2.807712952270528604e+02
-2.808056065186062824e+02
-2.808255586489248117e+02
-2.808268658684505112e+02
-2.808395835014695763e+02
-2.808469482098293497e+02
-2.808563028762040972e+02
-2.808565395707853440e+02
-2.808685213524688606e+02
-2.808777303118786790e+02
-2.808850249723578827e+02
-2.808943600088898620e+02
-2.809068382861159989e+02
-2.809116609210337856e+02
-2.809300276395647415e+02
-2.809399776414724670e+02
-2.809433049919097130e+02
-2.809495695572650220e+02
-2.809587506348142369e+02
-2.809712501373829241e+02
-2.809753590506480236e+02
-2.809867440047613059e+02
-2.809902645441613345e+02
-2.810069959228841299e+02
-2.810185584003060058e+02
-2.810250616078458847e+02
-2.810422833385532044e+02
-2.810604006916180424e+02
-2.810631380313329828e+02
-2.810711563828010640e+02
-2.810843953679691367e+02
-2.810995027071880941e+02
-2.811058022533395047e+02
-2.811482685395907879e+02
-2.811602476195932923e+02
-2.811792624757626982e+02
-2.812051983802625159e+02
-2.812212779820816309e+02
-2.812219665058805163e+02
-2.812695522039315961e+02
-2.812728679653566815e+02
-2.812763016680306691e+02
-2.812796304897074151e+02
-2.812939969396470588e+02
-2.813041628765322457e+02
-2.813088678948134316e+02
-2.813290814122419761e+02
-2.813361660771050197e+02
-2.813517459955685354e+02
-2.813553175158721729e+02
-2.813690648849357672e+02
-2.813828385797192482e+02
-2.813926734886966869e+02
-2.814185914304139828e+02
-2.814272727496872335e+02
-2.814912175593528900e+02
-2.815182288159429049e+02
-2.815520780150861810e+02
-2.815569853711248811e+02
-2.815844793434391704e+02
-2.815850712507594835e+02
-2.815864426633497715e+02
-2.816470370832992103e+02
-2.816635570370222013e+02
-2.816758053369654817e+02
-2.817211754056506834e+02
-2.817696458479911144e+02
-2.817842696223050325e+02
-2.817890648126876840e+02
-2.817954094966914340e+02
-2.818077439505248094e+02
-2.818088138581312592e+02
-2.818354237100442674e+02
-2.818613231147591023e+02
-2.819062366977303782e+02
-2.819433833651165173e+02
-2.819928586727099855e+02
-2.819970746073880150e+02
-2.820694682716089119e+02
-2.820775212650964932e+02
-2.820964117177128969e+02
-2.821157668559503691e+02
-2.821183997816101510e+02
-2.821854965574436847e+02
-2.822255682887719672e+02
-2.822398653959645571e+02
-2.822575605427093706e+02
-2.822983420955231395e+02
-2.823301110705414203e+02
-2.823514146283956734e+02
-2.823563344336112095e+02
-2.823644238127449739e+02
-2.823898926670374863e+02
-2.824712232623191994e+02
-2.824920468210334548e+02
-2.824954791332383479e+02
-2.825073598137209387e+02
-2.825609276256102476e+02
-2.826619540364382033e+02
-2.826725971273455116e+02
-2.827889550729124721e+02
-2.828639605051160970e+02
-2.828869368044474868e+02
-2.829050585080296969e+02
-2.829550947867612649e+02
-2.829736414910361191e+02
-2.829834276617625051e+02
-2.829918439414673230e+02
-2.830708960916398951e+02
-2.831114921377204610e+02
-2.832434854485242681e+02
-2.833050540526683676e+02
-2.833954080839998255e+02
-2.835556747297165430e+02
-2.836495156401932718e+02
-2.837034985363237070e+02
-2.837257188577368652e+02
-2.839003018007648507e+02
-2.840734000314665764e+02
-2.841332085511307355e+02
-2.843720475369640326e+02
-2.851622758315012334e+02
-2.855550227353077730e+02
