1.047909507023464960e-05
1.045301817947265338e-05
1.043019476359433788e-05
1.045024323621983644e-05
1.044084721148243132e-05
1.049297774964020764e-05
1.088263998322133700e-05
1.088523244038305067e-05
1.096983511993805469e-05
1.134337885442583930e-05
1.137304756024682703e-05
1.137935114495508351e-05
1.146920067642448944e-05
1.183152444988452368e-05
1.197554922307476791e-05
1.198758516407793654e-05
1.208001084507078042e-05
1.210102198283339843e-05
1.261248224019206462e-05
1.293291274962663398e-05
1.300002416831012549e-05
1.412515623270898472e-05
1.412943123524384861e-05
1.436243312347389365e-05
1.440885307835371382e-05
1.438508535271003124e-05
1.462811486617109738e-05
1.511539223782634909e-05
1.572365055808382865e-05
1.630662222932751369e-05
1.640977861464703886e-05
1.643981937005566392e-05
1.660471506657422972e-05
1.664237505577373150e-05
1.702764649970825808e-05
1.705824552088895045e-05
1.701951969292235718e-05
1.724033203467358080e-05
1.740884088480189345e-05
1.772425217951103968e-05
1.777097681131603184e-05
1.800639805956274236e-05
1.796676641719981943e-05
1.825018699823446278e-05
1.854535135294894886e-05
1.863393516981333840e-05
1.894528191443181734e-05
1.895060332754711148e-05
1.893277869819989622e-05
1.903553442027250747e-05
1.901280318428779639e-05
1.930689742852097625e-05
1.950454950018773106e-05
1.960942037071510991e-05
1.957431201702442653e-05
2.002518315681661983e-05
2.022952929058193300e-05
2.061398675397546265e-05
2.082468325824303313e-05
2.098432830501886307e-05
2.119967495397323721e-05
2.140825789444867125e-05
2.146067443945699494e-05
2.176106867774342101e-05
2.225297435852755643e-05
2.282742828089471694e-05
2.290654972971372294e-05
2.309196092284808714e-05
2.308411625766284710e-05
2.313482472123870847e-05
2.367178119905172679e-05
2.402193573000725499e-05
2.458141993729622398e-05
2.457788172175132824e-05
2.462841103688311419e-05
2.479667522726332490e-05
2.553902249311801873e-05
2.553910427700968597e-05
2.574256408054525878e-05
2.572479849525762243e-05
2.608611229008364821e-05
2.689078995259433345e-05
2.715670139832744828e-05
2.730408060040258116e-05
2.803004483809386433e-05
2.840441032367936592e-05
2.866906004257390228e-05
2.983527387286703363e-05
2.977900681940420677e-05
2.984299051226092667e-05
2.980864850094576703e-05
3.053375091217963241e-05
3.104650375988364823e-05
3.143535548867263741e-05
3.144870751375001438e-05
3.137956937111291222e-05
3.141401158547750576e-05
3.179481829028163860e-05
3.180675320885576650e-05
3.218921450394227063e-05
3.226139587348714362e-05
3.239946115619877121e-05
3.243842881999098765e-05
3.301297055996615812e-05
3.320372856896913923e-05
3.445823623276449805e-05
3.450224232191888112e-05
3.456665213538158524e-05
3.509679908674432199e-05
3.647730752764918259e-05
3.717077971111119227e-05
3.798112564339821347e-05
3.790883550432696863e-05
3.784542181897782622e-05
3.786346046231327771e-05
3.832375551730405185e-05
3.827766590281705863e-05
3.823000378127987996e-05
3.864099241956220159e-05
3.903079449004694346e-05
3.993195499366703968e-05
4.040692421509823679e-05
4.033095916641918398e-05
4.158443244014004616e-05
4.186728120454896946e-05
4.241649806396148809e-05
4.236445484042836526e-05
4.253845632688443325e-05
4.275834573953839131e-05
4.281727103825220594e-05
4.343712345331054666e-05
4.340573397458091716e-05
4.333387983542546980e-05
4.477844193831335479e-05
4.482569917419831315e-05
4.482151884382276044e-05
4.485286085530815697e-05
4.491684944353496978e-05
4.556087432557639344e-05
4.609070132023220857e-05
4.604201246682318465e-05
4.770279257764732347e-05
4.759946846483294137e-05
4.779860340118672165e-05
4.782211377766646440e-05
4.803394325354996011e-05
4.875354462179283299e-05
4.883054016352229447e-05
4.883041549542635240e-05
5.082262528686654421e-05
5.129467004858404797e-05
5.173033950938261082e-05
5.181705688399569165e-05
5.233420132690084012e-05
5.267480492788354667e-05
5.432297618345682892e-05
5.482104137902541206e-05
5.488985219723289548e-05
5.494476240931862822e-05
5.487608363647855582e-05
5.509124745298755581e-05
5.498118783932107732e-05
5.488011052527665780e-05
5.590820652053603827e-05
5.622687459316790730e-05
5.867691679361892527e-05
5.856832800146782295e-05
6.059710246970210557e-05
6.069866019249108263e-05
6.059581824966120888e-05
6.072743950147026833e-05
6.068706319029957446e-05
6.135326376913280400e-05
6.124443860844350858e-05
6.137926836488100015e-05
6.127306298280872773e-05
6.113407339378116603e-05
6.133869266567361248e-05
6.188789226558743704e-05
6.227343828775886065e-05
6.231728254469009792e-05
6.259035497222080219e-05
6.338861368432454572e-05
6.406919927088577525e-05
6.411231338488105962e-05
6.468906387438392149e-05
6.470482045938082333e-05
6.492875747385847061e-05
6.480014762107423533e-05
6.576468563917618792e-05
6.582545038458123381e-05
6.662466281409614767e-05
6.684374344090598821e-05
6.722193931878951072e-05
6.807001153037880135e-05
6.813676149817095697e-05
6.808300345478947898e-05
6.988154741253997041e-05
6.976626679928093306e-05
6.975265402327144551e-05
6.963139420837355657e-05
6.972551249913548361e-05
7.015963879682990303e-05
7.072737716260857430e-05
7.191308294037345567e-05
7.247138829512891076e-05
7.241817176960537209e-05
7.460113042212372962e-05
7.460402469099271889e-05
7.610414780128228263e-05
7.623880106329872675e-05
7.616034729933981572e-05
7.618852020391391768e-05
7.667225697292347729e-05
7.671644348746806477e-05
7.656977957485300009e-05
7.646834968957322396e-05
7.702549739286512428e-05
7.718647630975071755e-05
7.708669732798571956e-05
7.740878616424584635e-05
7.737062968510582831e-05
7.722960207726910556e-05
7.738420945274429564e-05
7.722958240890163918e-05
7.937768937696704674e-05
7.946452740197713568e-05
7.969697296297729332e-05
8.070513891725112287e-05
8.188162576950088476e-05
8.461783031855675552e-05
8.526103709337273481e-05
8.520778332675963014e-05
8.619308349616554082e-05
8.625989553878481359e-05
8.683164377866497583e-05
8.671600479606076653e-05
8.747155206423619356e-05
8.786363355998708861e-05
8.912598745145412533e-05
9.026286606600764421e-05
9.090050749012617626e-05
9.349105576088892434e-05
9.404581443224896149e-05
9.405183012424546429e-05
9.382398872526335055e-05
9.426106517636136225e-05
9.412651378299756444e-05
9.394231140035225723e-05
9.384870560347353117e-05
9.421421511635295627e-05
9.434528429782850281e-05
9.459597486090879281e-05
9.437554399797834070e-05
9.524237755098561328e-05
9.533219008330794119e-05
9.617994471402147721e-05
9.650709329988791925e-05
9.714683676965495758e-05
9.772439343904372922e-05
9.802140414728589780e-05
9.901515393067361376e-05
1.002764989146001716e-04
1.005140000155825943e-04
1.005594613494619941e-04
1.014131655855833440e-04
1.024872335597664806e-04
1.032809344588935115e-04
1.033205639963756642e-04
1.040153594063090753e-04
1.067782912016208271e-04
1.067318139440538721e-04
1.084039504509619242e-04
1.149105421729803081e-04
1.187609424396053408e-04
1.197319718146313270e-04
1.212419651115125311e-04
1.216176876744823923e-04
1.220352201280902550e-04
1.225927909695812630e-04
1.225384193403636736e-04
1.268469479816406809e-04
1.266338100011737652e-04
1.283605518358031791e-04
1.295131068564257446e-04
1.296692658889624669e-04
1.296621158005155318e-04
1.305572885585460936e-04
1.350965923104670535e-04
1.349426534801218859e-04
1.354232580158408375e-04
1.351296864021335367e-04
1.353260114539878893e-04
1.351966762877957818e-04
1.353227805743086704e-04
1.363680205385369283e-04
1.374810996483508032e-04
1.372413126159454690e-04
1.382112016074555651e-04
1.383114881395004032e-04
1.380958603781134791e-04
1.384890985488248301e-04
1.405640509257972753e-04
1.405707672490734829e-04
1.417444476631347147e-04
1.458118432701027570e-04
1.468718452084269530e-04
1.467168100428718324e-04
1.468860600526912974e-04
1.466333892197979290e-04
1.464196684545416736e-04
1.471347536626175481e-04
1.469784386440399558e-04
1.468706695938037249e-04
1.474332128888249593e-04
1.472692724144378793e-04
1.473160695897919473e-04
1.469829424930840214e-04
1.466861227381516578e-04
1.466901078764394639e-04
1.463401139463252874e-04
1.461934972658641204e-04
1.466192478134147677e-04
1.470907566770406354e-04
1.476136876072728214e-04
1.473347060267496465e-04
1.482781111542139042e-04
1.486080371323473517e-04
1.508623176688526283e-04
1.543037456075248076e-04
1.540473665205187802e-04
1.553080933405881047e-04
1.555376571568469770e-04
1.551898444193021355e-04
1.554610216165999703e-04
1.551222968341319506e-04
1.567801204305519511e-04
1.570786465753837042e-04
1.572293966567962981e-04
1.578494016073958572e-04
1.589681613909586214e-04
1.587911858332223232e-04
1.630754790741178529e-04
1.633922705255709085e-04
1.630452439988552815e-04
1.654997774855417633e-04
1.673860513525515510e-04
1.670467486605878554e-04
1.683914489748908154e-04
1.681823572963777973e-04
1.687259867202121780e-04
1.697078640319585091e-04
1.697498539614976159e-04
1.696622898969801221e-04
1.696848438677726943e-04
1.703665210504692927e-04
1.703424552047762741e-04
1.706940141728580530e-04
1.712797175390503776e-04
1.725826904551643515e-04
1.736754708681980633e-04
1.734047476754538525e-04
1.729941972643721183e-04
1.737375553198455618e-04
1.733376525693036045e-04
1.765748436243001448e-04
1.780636430225578137e-04
1.777957269491809063e-04
1.777552667016197815e-04
1.776651193847869419e-04
1.780636763230048489e-04
1.800857911864209792e-04
1.798529239925966130e-04
1.802758226504966104e-04
1.807004847441382768e-04
1.812967344041374455e-04
1.815242851473516320e-04
1.811546416339916731e-04
1.818997258737236103e-04
1.829518176189155688e-04
1.846240101645252405e-04
1.842996809522312531e-04
1.879782656229717736e-04
1.898925631089732322e-04
1.896440658953246132e-04
1.894808484827912784e-04
1.891768578135914465e-04
1.920382303167861033e-04
1.916157349647068661e-04
1.917079298523159398e-04
1.918807753034321173e-04
1.930844222358925680e-04
1.947433215607994878e-04
1.952804989046503538e-04
1.972930117391786360e-04
1.975292348840025462e-04
1.979278630523172253e-04
1.992392249513851368e-04
1.994290885319572552e-04
1.995169366961170522e-04
2.001938211124331595e-04
2.004058123748760989e-04
2.010924503624387670e-04
2.013393404529659268e-04
2.035467798226628031e-04
2.032558971652203748e-04
2.047867360440997343e-04
2.047521485451980002e-04
2.055408710783607695e-04
2.060131683075967627e-04
2.070062340434624293e-04
2.077789442148110087e-04
2.074859994540442754e-04
2.085815040342975358e-04
2.081332093184978316e-04
2.161633360256688349e-04
2.171453650859364668e-04
2.167933396582945283e-04
2.187804722639413756e-04
2.190964944656110928e-04
2.186514070579552590e-04
2.181256567899453498e-04
2.201908362264613035e-04
2.217175724803288400e-04
2.238895110340045934e-04
2.236097027679137615e-04
2.250539423049411768e-04
2.259181192849843162e-04
2.256791324904018202e-04
2.261475028530264726e-04
2.264208726467962043e-04
2.261537454215959916e-04
2.272138125238388551e-04
2.298323113055348080e-04
2.355056546182443251e-04
2.352778249121660452e-04
2.350124431026390454e-04
2.345644451270721773e-04
2.350892680126761376e-04
2.368026594337378538e-04
2.375419187850157012e-04
2.377342139083575502e-04
2.381079974983308853e-04
2.386818987391167929e-04
2.415872409863286600e-04
2.423116398640879482e-04
2.450545642399944916e-04
2.477944442846527072e-04
2.483500666009030616e-04
2.480601098890493372e-04
2.477326838958267621e-04
2.486365405323078199e-04
2.513428591709638052e-04
2.518654402176152243e-04
2.526912803050180580e-04
2.566764942789693236e-04
2.617623322326319952e-04
2.633853799019167689e-04
2.633628410826960612e-04
2.636986596866177594e-04
2.632654163393228748e-04
2.652304665419187384e-04
2.649849041289374717e-04
2.648933751616472311e-04
2.656119008931772394e-04
2.675673025894272235e-04
2.706008421632851986e-04
2.736615700058755291e-04
2.739549610936449085e-04
2.742627203650670740e-04
2.735934888845881208e-04
2.761774615619127225e-04
2.766007856564457182e-04
2.767537995390396553e-04
2.778198746137113201e-04
2.777763693305797688e-04
2.783017544821059729e-04
2.795300454900396885e-04
2.788967992024279181e-04
2.793780664996203659e-04
2.788145418780286176e-04
2.804920312362604558e-04
2.802586069671308792e-04
2.820845512546320483e-04
2.828959672495995554e-04
2.831305347534086359e-04
2.833950179459134521e-04
2.836262949902518824e-04
2.847163772378473131e-04
2.860282430718868031e-04
2.902569366178181553e-04
2.940817734978575263e-04
2.937541541055534795e-04
2.932225071247375405e-04
2.972315107456103699e-04
3.042796674169774974e-04
3.093465264225609269e-04
3.122927887623993463e-04
3.126870684184012848e-04
3.133476299763881742e-04
3.152651934401765944e-04
3.149307220873170726e-04
3.195098949416341934e-04
3.195236972053949222e-04
3.201877234384169625e-04
3.211092679456490988e-04
3.206040926490466331e-04
3.235222622484131678e-04
3.238609784668694644e-04
3.273576585039500073e-04
3.285399090933794936e-04
3.283472316615934920e-04
3.284251707486127592e-04
3.315532025260134311e-04
3.316819141164494304e-04
3.315878411037152633e-04
3.311019633521424563e-04
3.308109823585235866e-04
3.315620520059002724e-04
3.311367916616321321e-04
3.335017474356113325e-04
3.348395000095730494e-04
3.358723403351120064e-04
3.359603441609782014e-04
3.362025447128737287e-04
3.410213784477411354e-04
3.413695818481233971e-04
3.444161491820572820e-04
3.449707309105087111e-04
3.484330452472598669e-04
3.475675651044348867e-04
3.498974654162019440e-04
3.512171597716907457e-04
3.506081546212375002e-04
3.506301875792294342e-04
3.524665977578026843e-04
3.519304534152900414e-04
3.514902853981268817e-04
3.521110810722316142e-04
3.527262571491867477e-04
3.546942989376005470e-04
3.544434425726127481e-04
3.548859333928481891e-04
3.543805822570799584e-04
3.579343909078458799e-04
3.598789102011552225e-04
3.594894176822013257e-04
3.602331444449685780e-04
3.593400080335002822e-04
3.594156078757196229e-04
3.618350193922137133e-04
3.630014634382906758e-04
3.643701119366020056e-04
3.635463636364617813e-04
3.660196641726925181e-04
3.651329387573174325e-04
3.651824350942466297e-04
3.659973933587137786e-04
3.695489911619694273e-04
3.688329547634930741e-04
3.683932802864671127e-04
3.748789576510186362e-04
3.869960498307504397e-04
3.884594077554673190e-04
3.880791684145814841e-04
3.895373431966202868e-04
3.896552416963228768e-04
3.891612885246754070e-04
3.888535764866316914e-04
3.923072070277802237e-04
3.949060488125739812e-04
3.945349858727981531e-04
3.941276230237011273e-04
3.961217941488714847e-04
3.955206844886886646e-04
3.992417761360697419e-04
4.023964000225197890e-04
4.043806756513519522e-04
4.046596181572079598e-04
4.037992189226018223e-04
4.100745823854842027e-04
4.098124792969321255e-04
4.089087672513779729e-04
4.087835854832866009e-04
4.081332071828603085e-04
4.081107650139963183e-04
4.071082186038159226e-04
4.062507404717462917e-04
4.060282762142667463e-04
4.066930888994143233e-04
4.087928882087172406e-04
4.078505215233931762e-04
4.077223770946154725e-04
4.097431481806310788e-04
4.151657865933874847e-04
4.149123626528001792e-04
4.203319216327132055e-04
4.229687598784918011e-04
4.239512117643355529e-04
4.250424727349261700e-04
4.254821133256102652e-04
4.334945047888220503e-04
4.326337999245962102e-04
4.357557817556760539e-04
4.350450190341773981e-04
4.350479286979401484e-04
4.355087680824707048e-04
4.365081890235204170e-04
4.358075797125695303e-04
4.377228169627981735e-04
4.366581855942645450e-04
4.376144769792883298e-04
4.386036023597578051e-04
4.380645485685571148e-04
4.404101207493308018e-04
4.414396152774555169e-04
4.421986602416663357e-04
4.450710096727592924e-04
4.442372129724500010e-04
4.439457143641102979e-04
4.431110612232766585e-04
4.450747780594824579e-04
4.470654380783546417e-04
4.460950842969749761e-04
4.460570358941135568e-04
4.457720508598518529e-04
4.452962619222896570e-04
4.459768448253755100e-04
4.469631044423839775e-04
4.482628039790549873e-04
4.473786921664336101e-04
4.543694211285744899e-04
4.545066680879027371e-04
4.624890534534077256e-04
4.625906026739703275e-04
4.680671639386591596e-04
4.678696523288330294e-04
4.728030897074193286e-04
4.732314977659121571e-04
4.724892868963707373e-04
4.757906356295565540e-04
4.768254700706707049e-04
4.792332514265510443e-04
4.780730825838675618e-04
4.773275913265524945e-04
4.770018615353818357e-04
4.788108292879917163e-04
4.782565325109830998e-04
4.783320107244162962e-04
4.801742301106163668e-04
4.798560133337293789e-04
4.800305213169128661e-04
4.795091237068500271e-04
4.787046996333366058e-04
4.838781219677227370e-04
4.837698638424524811e-04
4.837617475153356333e-04
4.864771820168732781e-04
4.867879557905458571e-04
4.870315555987159259e-04
4.859401412375876782e-04
4.870505859779930644e-04
4.888335754563640249e-04
4.928149083353899245e-04
4.921498215950995646e-04
4.918995463380823737e-04
4.918539929307972573e-04
4.938363450495180306e-04
4.982611229827138078e-04
5.008763025201071976e-04
5.018437246857630849e-04
5.008335804454444292e-04
5.005556498269337663e-04
4.994190547340247909e-04
4.990404334696030590e-04
5.071834831017017894e-04
5.066701824236194765e-04
5.071897261171441802e-04
5.072678101329534993e-04
5.081602906017261816e-04
5.114265594192337477e-04
5.112465892517498557e-04
5.108903563181281700e-04
5.109113527258628013e-04
5.110982612385755628e-04
5.121581420356844001e-04
5.119929254646030234e-04
5.170559177456766431e-04
5.174966736911501683e-04
5.175832640139792521e-04
5.165342416382037206e-04
5.186621060714154607e-04
5.196003007886293001e-04
5.184123562257482226e-04
5.173843485333445109e-04
5.214046349443998436e-04
5.212888984618825432e-04
5.299935721660152836e-04
5.325657021901232481e-04
5.322315906702211564e-04
5.334047892162964996e-04
5.394999283220394985e-04
5.390562352061149982e-04
5.383280016891477636e-04
5.401748071579974856e-04
5.431892965336706852e-04
5.455408336556394865e-04
5.461805263644447118e-04
5.465707581568088379e-04
5.454883406530142663e-04
5.518897930949995733e-04
5.535553068779191892e-04
5.524126997608331093e-04
5.510791487373619454e-04
5.507507207891063766e-04
5.501625592605686099e-04
5.499801896535494190e-04
5.502742589603053583e-04
5.530067788133194830e-04
5.580431231296827024e-04
5.568045639163473649e-04
5.583328692774856394e-04
5.602828926328604769e-04
5.631515021973461160e-04
5.634260707004446400e-04
5.622252902326214290e-04
5.615086199262124197e-04
5.622296153417290958e-04
5.615461121596269705e-04
5.613098548595497547e-04
5.652565322604084742e-04
5.639725517243803074e-04
5.629861523184599486e-04
5.635841396822504701e-04
5.626924928262620577e-04
5.644865175022308491e-04
5.637987768562060034e-04
5.703892876612969400e-04
5.714006077254485351e-04
5.722280176052298118e-04
5.749429559229957609e-04
5.744634640185078541e-04
5.763832537300000915e-04
5.810104163564626216e-04
5.803900474828981113e-04
5.804956027976573753e-04
5.804005663110992650e-04
5.807199569605269287e-04
5.879046095076385751e-04
5.882837816658555152e-04
5.876707157215021278e-04
5.873107077893872799e-04
5.868727701598422603e-04
5.857598025344117965e-04
5.846173021911131194e-04
5.869604723826088097e-04
5.882887247278142896e-04
5.887901357009004463e-04
5.946868888738277101e-04
5.933035850590494872e-04
5.947299362957301876e-04
5.932940868638361806e-04
5.925748754848750343e-04
5.951589161737094172e-04
5.937543696429878164e-04
5.985546524484331192e-04
6.032724528148749720e-04
6.026913214563161354e-04
6.047401493361458666e-04
6.041410280517376784e-04
6.049559891920964095e-04
6.068467816556372130e-04
6.067916438509593892e-04
6.127045515457547539e-04
6.121931678848439645e-04
6.241192800780597221e-04
6.255282038711539863e-04
6.262143076601083729e-04
6.257306649121822939e-04
6.243297412110168990e-04
6.227946923340416325e-04
6.239881108840297308e-04
6.239219391975965850e-04
6.233377763149378558e-04
6.263932290390009181e-04
6.249264820236219041e-04
6.248383616185165541e-04
6.235502539593531721e-04
6.228819267246279599e-04
6.256667384374357474e-04
6.307567871248875163e-04
6.329601123155640871e-04
6.342647517342004390e-04
6.397098128677011254e-04
6.446732522473306746e-04
6.437550092342398701e-04
6.461025084522283067e-04
6.450420315531063412e-04
6.460351958352243294e-04
6.462029226423707251e-04
6.510310244958229537e-04
6.496518128212600647e-04
6.554713054520224262e-04
6.550743320712436139e-04
6.539104104944611822e-04
6.539104624477873719e-04
6.593314225745058573e-04
6.606037137263952091e-04
6.589672298323993090e-04
6.576880674465502121e-04
6.566352155961278957e-04
6.558215158487886061e-04
6.695406113807256037e-04
6.693116702796463643e-04
6.717250131270243937e-04
6.702676448481486183e-04
6.790422584024029175e-04
6.798206749212673452e-04
6.791352810687533229e-04
6.784848323117271662e-04
6.827618054116855236e-04
6.816745148763308669e-04
6.799864150219023066e-04
6.816734931544830064e-04
6.836903533702850004e-04
6.869740048002244805e-04
6.914012570390277741e-04
6.980548563399463632e-04
6.976585318056131987e-04
6.985253548429126193e-04
6.977001441884895898e-04
7.005693566522798194e-04
7.067603141270014993e-04
7.055056146090790594e-04
7.053429850217928345e-04
7.038282594357227803e-04
7.020767500502453741e-04
7.025347484495347633e-04
7.016726746000167712e-04
7.001659450807642873e-04
7.047026533136285407e-04
7.068633025315735350e-04
7.096941970358745669e-04
7.103496335471391060e-04
7.087874787839966093e-04
7.081519407914014510e-04
7.071835005465139682e-04
7.057070346581927360e-04
7.041530754994439418e-04
7.030454122052418519e-04
7.070269128312527823e-04
7.065884552541016337e-04
7.093628694660600786e-04
7.093262435611716972e-04
7.078717013258131784e-04
7.066089854412196817e-04
7.053024910053527947e-04
7.042438232294997730e-04
7.028272220532774022e-04
7.014863190163008692e-04
7.042016469985825332e-04
7.098853689692800938e-04
7.138544294211868549e-04
7.199055703217295803e-04
7.246554158538935772e-04
7.237424557938723548e-04
7.238343240520218923e-04
7.233330731193846194e-04
7.238658228418160282e-04
7.225853505793707445e-04
7.237580896620021253e-04
7.231596372206453016e-04
7.215519849526669163e-04
7.199800102217358399e-04
7.275020365962181230e-04
7.271709785392543651e-04
7.290903637105233424e-04
7.275096104740437020e-04
7.279982035601766273e-04
7.263631591901717303e-04
7.248383248884333234e-04
7.231823640809644351e-04
7.232171040189433724e-04
7.215537380329786928e-04
7.197734272627269838e-04
7.223725294003357318e-04
7.303999306522484733e-04
7.339072088917960104e-04
7.340788927089210957e-04
7.325152278530805763e-04
7.316103652398242216e-04
7.298512536139705386e-04
7.302437902725143065e-04
7.314761096241614207e-04
7.312183908862744707e-04
7.299581351520070512e-04
7.304258498092957826e-04
7.326602214961050897e-04
7.329204819525911947e-04
7.335843957137289442e-04
7.341447933659207533e-04
7.327318660704048746e-04
7.361331364518136416e-04
7.352843519422907429e-04
7.336536336803351106e-04
7.324852921002157104e-04
7.339438774404290471e-04
7.336295979753577803e-04
7.334503546162932184e-04
7.326475132528231706e-04
7.362722615058546775e-04
7.358497383387009507e-04
7.352199398105297009e-04
7.336634097289700032e-04
7.327884170369004064e-04
7.313042308126631481e-04
7.308957699352783624e-04
7.341157655828918147e-04
7.361469805574350758e-04
7.356175933978054355e-04
7.435491530309883048e-04
7.432316559694828470e-04
7.458622617235256868e-04
7.448329672779747989e-04
7.441604358684065839e-04
7.464561148922046335e-04
7.448626042723635902e-04
7.455892326722348383e-04
7.439291894089962442e-04
7.433080607288526436e-04
7.441626248215257172e-04
7.440512113667903035e-04
7.439307688052004515e-04
7.438976743158360076e-04
7.427559089735975622e-04
7.423149780164702135e-04
7.408738812753561500e-04
7.409627766435712432e-04
7.426299388092644531e-04
7.407936380562330728e-04
7.406947173558675991e-04
7.408857188259905307e-04
7.421434820648412914e-04
7.404122964589711668e-04
7.417561303240518883e-04
7.423129246216278150e-04
7.407347083305525779e-04
7.412235819229131238e-04
7.406517188033121674e-04
7.417654652114353707e-04
7.404775471301089243e-04
7.386386452615190329e-04
7.494639120786762742e-04
7.477544121591515316e-04
7.464211906099113602e-04
7.459972899935228812e-04
7.450008600322034422e-04
7.533929979678167556e-04
7.564713584657315869e-04
7.586402433808837930e-04
7.628583677618478234e-04
7.686677334947079020e-04
7.674231867834968059e-04
7.663956712390345262e-04
7.711391439281064164e-04
7.709116365115934247e-04
7.708841002733227404e-04
7.706816726512175520e-04
7.712564923384364075e-04
7.700935680997744856e-04
7.728588621869916884e-04
7.719767447145113679e-04
7.704362335622045102e-04
7.704002489867616248e-04
7.703254110161992466e-04
7.697346220855772782e-04
7.712927583911189213e-04
7.828592464083212717e-04
7.813731996112263396e-04
7.814590931910548894e-04
7.813659365218492310e-04
7.839950810618448495e-04
7.822985565265622035e-04
7.820415984809346533e-04
7.836329503420981285e-04
7.820207248638134196e-04
7.837645417264550891e-04
7.832439385417797571e-04
7.822415315446927357e-04
7.843842059970549752e-04
7.855242751118406532e-04
7.855448590658388637e-04
7.858299472506378872e-04
7.866301271558709786e-04
7.915237932898617828e-04
7.960703959731316301e-04
7.956240201239130451e-04
7.945433113647806236e-04
7.958056065296147423e-04
7.957512428824312133e-04
7.970604014574884976e-04
7.953741042141243686e-04
7.952605825100590676e-04
7.947060942914469959e-04
7.928910303322369343e-04
7.910286518113030007e-04
7.896923248467691003e-04
7.883177469109351951e-04
7.911858158683463199e-04
7.917589113590800445e-04
7.900093793332031320e-04
7.884885848204433237e-04
7.882275607409932033e-04
7.864863638882312654e-04
7.863575486030711806e-04
7.845770776149423118e-04
7.857429641832949178e-04
7.851322537825101066e-04
7.849608048470617383e-04
7.837975977885249836e-04
7.831140267534478835e-04
7.827928655706101234e-04
7.816149820683095150e-04
7.824025219260400061e-04
7.811720685585388452e-04
7.797449537615303320e-04
7.788670504768914742e-04
7.771916164097643701e-04
7.754619490340693968e-04
7.753953150229183537e-04
7.750603436440471877e-04
7.731332149752835180e-04
7.728886526510831377e-04
7.709681939552874000e-04
7.709106861867816339e-04
7.757081615844673306e-04
7.743636379408127234e-04
7.738531861612108148e-04
7.746886247940188699e-04
7.735177714493841243e-04
7.722913159864515592e-04
7.709019484806661293e-04
7.716800026745399086e-04
7.706690167679110378e-04
7.703928430119067611e-04
7.687108857993781063e-04
7.684299285479327148e-04
7.667207874528027571e-04
7.654414930535351257e-04
7.641736958991369707e-04
7.642150356856787508e-04
7.661778048364706285e-04
7.645764282457757476e-04
7.649977393724849027e-04
7.645387727910989530e-04
7.648493809297724887e-04
7.642570944721314638e-04
7.633444556572040272e-04
7.673558263118160101e-04
7.677279133358515598e-04
7.666550399744437696e-04
7.656927660178361851e-04
7.646020260729079069e-04
7.660182620108521795e-04
7.657054599045516044e-04
7.709268794619827427e-04
7.713462512353479661e-04
7.791015875414297135e-04
7.782026102449480804e-04
7.790520408799908201e-04
7.786902104250834587e-04
7.773346891574285742e-04
7.784518993647537768e-04
7.766073586547729947e-04
7.788637039911413965e-04
7.790559519546013702e-04
7.792309042892112255e-04
7.807203118335560941e-04
7.798391994740681756e-04
7.785417159122938555e-04
7.772147323677360388e-04
7.797330758341430119e-04
7.781423762747056256e-04
7.786254332773275564e-04
7.775330679154552260e-04
7.781386479487940617e-04
7.788618860584467160e-04
7.791306787052313960e-04
7.788000990499817150e-04
7.768826782573169621e-04
7.752197976304754006e-04
7.740049503997146682e-04
7.722309986362965381e-04
7.706525997459893421e-04
7.710671606736869835e-04
7.714056283036640517e-04
7.707077384371414366e-04
7.702702562755796246e-04
7.712785805060954746e-04
7.693767760141084419e-04
7.675794847351383177e-04
7.671805201661067043e-04
7.652762470830342181e-04
7.659752490304916599e-04
7.660729518111221263e-04
7.673868987557138418e-04
7.696644470548439721e-04
7.692333320929425813e-04
7.675619628434474876e-04
7.659817343712582455e-04
7.649042259544048790e-04
7.631423993555112991e-04
7.637371572857480206e-04
7.622825339377495681e-04
7.641104999928844711e-04
7.641494231364542519e-04
7.652787032009780114e-04
7.639384002231955437e-04
7.630392601748692489e-04
7.618795685369324049e-04
7.637349800126361091e-04
7.636331971596517759e-04
7.630439814768047013e-04
7.616826779929856094e-04
7.608596039273663554e-04
7.596526160847047199e-04
7.601388116573641954e-04
7.589938763508562647e-04
7.646195676085080660e-04
7.659655504434192139e-04
7.651765778770089474e-04
7.646727167210931597e-04
7.640631158351686523e-04
7.625152256149786987e-04
7.635809929329513863e-04
7.621855719142467227e-04
7.608725601765404644e-04
7.594906045968368227e-04
7.633416289742234618e-04
7.627331254118287392e-04
7.635412847265827651e-04
7.619209765151458954e-04
7.607434345780205191e-04
7.626290049343067805e-04
7.617225573390793434e-04
7.613507869599243569e-04
7.600981769000776612e-04
7.593639646421334113e-04
7.576019623533936966e-04
7.611934581312856897e-04
7.599044650298973419e-04
7.581069907943054683e-04
7.562258411889895759e-04
7.565053215456567269e-04
7.549477544220165644e-04
7.535939226003497346e-04
7.539276927497869443e-04
7.542234339084042619e-04
7.534864280809985349e-04
7.531287248965524419e-04
7.515816167343095360e-04
7.498542759313090453e-04
7.481938623274519279e-04
7.500657963144701564e-04
7.495816712194687103e-04
7.477430950870402786e-04
7.464028145712721558e-04
7.452125998198760393e-04
7.444759401876517753e-04
7.426566408743378233e-04
7.408891036319552315e-04
7.404741874939980550e-04
7.395838879654935980e-04
7.383738790611103211e-04
7.374666519766830261e-04
7.369160601749162685e-04
7.367036042908419857e-04
7.352815367168222000e-04
7.344562045164084504e-04
7.332252460880761330e-04
7.328576859799652756e-04
7.312473806900211468e-04
7.295747694993400933e-04
7.281067709569893952e-04
7.271354989634505909e-04
7.287695664470485429e-04
7.277574912941084688e-04
7.262862219072596355e-04
7.246699236168694519e-04
7.239498192347544603e-04
7.223555457448558193e-04
7.220562757769203970e-04
7.203251189103537441e-04
7.203778484743918924e-04
7.200578452593441470e-04
7.186857493646758291e-04
7.169044062788529868e-04
7.159449510158006572e-04
7.143270888178439824e-04
7.184166042827330517e-04
7.171447277512263234e-04
7.154754128858070630e-04
7.157942721411828099e-04
7.146490658562300096e-04
7.142660788645837765e-04
7.146069849710821355e-04
7.138633709902329110e-04
7.121461132872648585e-04
7.112557676669287697e-04
7.099323166343230688e-04
7.087339917030947714e-04
7.078976345987059160e-04
7.102523266938072901e-04
7.088383134862168491e-04
7.070728523561571133e-04
7.088824120360268056e-04
7.110185016743334786e-04
7.114777590049407852e-04
7.113361564139588462e-04
7.101000184019001966e-04
7.083666407117202111e-04
7.069851438329996908e-04
7.053858418417905014e-04
7.056853381823370098e-04
7.040380639010018239e-04
7.023296270908277418e-04
7.014768598987223538e-04
7.000521744772971377e-04
7.009269177964954235e-04
6.992675030527750529e-04
6.988687862306205978e-04
7.013248150413801127e-04
7.002555877594791043e-04
6.987496626853024941e-04
6.974314564863302738e-04
6.963967172353679449e-04
6.953764534380808566e-04
6.937381874585722696e-04
6.927656967761931925e-04
6.964681695448349859e-04
6.984768008220016604e-04
6.971125291692366983e-04
6.968431085801452506e-04
6.961949237992420955e-04
6.983882257703497715e-04
6.997630086662478969e-04
6.982770263698097335e-04
6.965675941789680045e-04
6.950821270246098759e-04
6.957297051284143906e-04
6.950300713318497336e-04
6.945262825589490008e-04
6.965486418561127064e-04
6.965037367449717883e-04
6.949494687759226377e-04
6.932335861202377613e-04
6.922103845452147507e-04
6.905831286956041256e-04
6.901529693544439107e-04
6.932798136163667579e-04
6.919199873803400739e-04
6.927267654939638520e-04
6.914226389134909287e-04
6.908467400816314550e-04
6.894602264485459250e-04
6.881071390292014308e-04
6.867703042292685805e-04
6.855626606046037004e-04
6.847849288504004794e-04
6.844723045360371098e-04
6.831280496188178123e-04
6.818175143056783754e-04
6.807991331146697302e-04
6.792200758373034700e-04
6.781863147047108601e-04
6.790814600442049865e-04
6.801484239421859293e-04
6.785209604806084066e-04
6.779206196847980918e-04
6.781344616986112505e-04
6.764902109466942176e-04
6.777987198634539663e-04
6.814063060326446073e-04
6.835452986657423406e-04
6.824068141315862415e-04
6.807925931294037157e-04
6.797438475744310097e-04
6.800349961183640513e-04
6.819986487645837876e-04
6.814036495177536222e-04
6.830516269131644506e-04
6.830202365922241137e-04
6.841016789760378299e-04
6.836583395492522872e-04
6.833037916081488366e-04
6.827286981587843244e-04
6.814485969831798754e-04
6.803209492194851231e-04
6.800696589294382994e-04
6.800311511230728179e-04
6.795057732185560842e-04
6.783407858707836370e-04
6.768221084155232959e-04
6.759819334716118348e-04
6.774241039685339073e-04
6.770907846637214600e-04
6.772643867790770949e-04
6.755765249435708147e-04
6.751339710516760960e-04
6.738161605606969411e-04
6.729277239305214622e-04
6.713556637596702729e-04
6.708413096347049572e-04
6.704464539222425648e-04
6.698066755705617357e-04
6.682055755137241912e-04
6.689951596395654837e-04
6.677410520573408758e-04
6.687570591106503691e-04
6.689174923258611695e-04
6.691512303296219023e-04
6.681584201048537588e-04
6.665815914096268578e-04
6.726194468560378007e-04
6.730663635680483306e-04
6.715120639898593952e-04
6.729181218278475034e-04
6.717332281464698024e-04
6.705823991446806026e-04
6.701972150037416786e-04
6.687268849479222543e-04
6.675724293178785136e-04
6.675032687713572301e-04
6.663915543323748261e-04
6.647608767899024261e-04
6.650694127760326587e-04
6.643980045253012126e-04
6.633311413317661371e-04
6.630198182039619831e-04
6.632743256533826706e-04
6.635061191353758400e-04
6.646585067584229222e-04
6.636613732692277700e-04
6.627924096431373835e-04
6.613008040401715474e-04
6.596747890191436000e-04
6.589001913045711666e-04
6.573050035919344308e-04
6.572368627094250099e-04
6.556991213168427866e-04
6.544457630245847316e-04
6.531780889409253979e-04
6.519257311127870953e-04
6.508107504386107054e-04
6.493189709355111014e-04
6.479897974719003298e-04
6.464958893840365471e-04
6.468730968168270824e-04
6.461069298966631673e-04
6.449190441391068488e-04
6.444786685847607747e-04
6.429319711512505777e-04
6.415019996735037491e-04
6.418019750062672413e-04
6.432123961266291053e-04
6.422426154720127728e-04
6.408134922399191325e-04
6.397523472248710852e-04
6.382285136911923550e-04
6.371635877448569591e-04
6.357650649872423083e-04
6.364753182156868269e-04
6.355732142864244961e-04
6.342089359429422179e-04
6.326424135829225668e-04
6.314812931322489773e-04
6.316430176096835512e-04
6.300807909354577381e-04
6.296771632463134217e-04
6.292090173776453696e-04
6.281834123399739457e-04
6.275702326859844502e-04
6.261654690723194314e-04
6.268474143357425114e-04
6.267375446226217811e-04
6.263691180092817012e-04
6.255687922068637599e-04
6.243511087246265100e-04
6.228434268853578863e-04
6.230251398473993186e-04
6.215672350111230366e-04
6.200555930425717547e-04
6.202374068003557077e-04
6.194343507814472705e-04
6.202094053302548583e-04
6.194273925733713567e-04
6.202676379749692695e-04
6.212003294488565707e-04
6.209771268526157470e-04
6.214148229833816759e-04
6.211473313171699418e-04
6.207574284418439529e-04
6.195331301264058723e-04
6.186845228214174399e-04
6.184260961022914260e-04
6.181381783681262143e-04
6.179528022417778458e-04
6.164536261510541711e-04
6.159659693063262867e-04
6.153605341063252653e-04
6.147217992347353988e-04
6.141221293688585480e-04
6.139761367493056909e-04
6.125533133236534282e-04
6.113178956506539049e-04
6.106797287428362975e-04
6.114388063925596702e-04
6.101909024672088570e-04
6.099081344683996743e-04
6.096366766237455194e-04
6.083238346432668503e-04
6.073117440153028446e-04
6.058188014572272366e-04
6.045259803425993795e-04
6.031745852606105324e-04
6.035851901921475285e-04
6.026765651512157708e-04
6.031472506207583625e-04
6.040673308071364735e-04
6.025953843339831905e-04
6.013471497282726549e-04
6.010267658902309577e-04
5.996601717234730216e-04
5.983201152898776380e-04
5.978382668084833516e-04
5.964579457718115598e-04
5.955592199282358414e-04
5.954555992028550283e-04
5.941385122470441756e-04
5.926610378329594990e-04
5.913424581409215935e-04
5.912977091166236703e-04
5.908094400655597043e-04
5.895691131136259616e-04
5.881354316033565082e-04
5.873784538548012342e-04
5.862697936339680534e-04
5.851065710933922538e-04
5.852096067186538875e-04
5.841163951517940739e-04
5.830039366685236830e-04
5.816356250828348283e-04
5.806875256694230079e-04
5.793631369701402562e-04
5.781500352401765935e-04
5.770364514111919101e-04
5.761088831184247227e-04
5.747473309754159293e-04
5.733488193532318552e-04
5.738557603626482382e-04
5.745114364314743904e-04
5.736931322322742950e-04
5.729989961651691440e-04
5.750137621664784537e-04
5.738503669570221583e-04
5.725401834944087581e-04
5.712019933780861916e-04
5.709613491037033401e-04
5.698113777116610304e-04
5.689105757664714462e-04
5.680474417742104390e-04
5.666410833108888930e-04
5.672567383932006733e-04
5.666736980788302696e-04
5.672089185968388209e-04
5.658974903820980940e-04
5.647373657412412722e-04
5.643326609203198462e-04
5.632217508690623821e-04
5.622151506185045630e-04
5.616916234505580112e-04
5.621973584007505494e-04
5.611672579113599147e-04
5.600833541404812198e-04
5.589486844122711897e-04
5.583639476410529566e-04
5.576258099667231018e-04
5.570824522493195673e-04
5.557038786587200577e-04
5.545472717740715244e-04
5.539245104269095244e-04
5.525864854963995773e-04
5.515231804412236470e-04
5.507931778265138731e-04
5.508724259053632711e-04
5.507319349174498229e-04
5.497139076107088792e-04
5.484229804436366665e-04
5.474438001621064918e-04
5.472984950038829255e-04
5.462744394705979552e-04
5.458508347375718838e-04
5.450469092911405236e-04
5.444780511708708585e-04
5.431348869862291694e-04
5.432817506127055138e-04
5.420107537765344588e-04
5.411777841111436354e-04
5.398378759517830474e-04
5.388304079534978223e-04
5.376117230971991017e-04
5.368324454859665831e-04
5.361646048833993350e-04
5.354708566136060248e-04
5.344218328825770187e-04
5.346799191604592605e-04
5.344683741041690497e-04
5.335240253965834465e-04
5.323992963737110779e-04
5.324290686779099922e-04
5.315596031175456220e-04
5.303206069234382963e-04
5.299677297596371624e-04
5.312209452001698685e-04
5.301966889355245452e-04
5.297091529120413799e-04
5.297326026238935925e-04
5.286860372483712708e-04
5.274183150253409754e-04
5.269857020382117405e-04
5.259637190596860943e-04
5.251575925516795444e-04
5.239338459948419697e-04
5.229785509534203708e-04
5.222637166535606295e-04
5.214994960880829688e-04
5.208835034154075385e-04
5.196489285251122085e-04
5.186038435669361067e-04
5.178864227404707298e-04
5.167592116995481811e-04
5.156260013252422563e-04
5.149177918465000893e-04
5.139187281986127729e-04
5.130955363481687652e-04
5.118462650880604894e-04
5.112788021637772358e-04
5.108855899128621420e-04
5.096905018193430585e-04
5.095034084281993732e-04
5.083910378358472669e-04
5.072819553525192591e-04
5.084706420842841947e-04
5.075521769125556585e-04
5.087328996649202739e-04
5.077128627939290822e-04
5.072055460128604065e-04
5.059979424456170988e-04
5.047652261833650159e-04
5.048963084262616478e-04
5.052883270235560258e-04
5.045721962252119755e-04
5.041830554096298541e-04
5.030482739907844595e-04
5.025541450211143662e-04
5.013186745645903299e-04
5.003009211542687115e-04
4.994635166838203065e-04
4.988284889945172841e-04
4.976469260810015153e-04
4.964334762200971109e-04
4.954479291794748868e-04
4.945000838509098703e-04
4.942248955904340922e-04
4.930211389064896718e-04
4.918118909366096282e-04
4.906133025479453421e-04
4.901969887498979633e-04
4.891126221884009410e-04
4.880816716769771852e-04
4.877817209034441561e-04
4.866849622274657065e-04
4.862003004028775952e-04
4.854147531117888989e-04
4.853354541787590422e-04
4.852687713374104097e-04
4.847051131124067991e-04
4.857904736401647363e-04
4.846054820327216125e-04
4.838614925391970713e-04
4.838175798007306400e-04
4.840500489835096063e-04
4.860044776516666502e-04
4.860989534418265956e-04
4.850980981100637434e-04
6.993380757734270073e-04
5.003620781481738769e-04
7.682416803170901169e-04
5.602674543535939543e-04
5.275502397211744455e-04
5.927625185960831104e-04
5.210863413725191516e-04
7.956671444502018105e-04
6.382490769901110307e-04
5.620920853124545136e-04
5.802313516504529600e-04
7.562749833022622357e-04
5.535341477106287249e-04
4.957902843344126446e-04
5.596744923909872721e-04
6.726982594181443037e-04
5.264103595703394827e-04
6.592311292577370321e-04
6.204073774494176527e-04
8.947869005566331255e-04
5.558023731020938054e-04
5.182016121809829160e-04
5.714333128862080337e-04
7.128583837249759724e-04
5.219561575600606624e-04
6.093533112963320057e-04
5.419459349845029634e-04
8.851293726491226213e-04
7.577680744930017460e-04
5.558896562135580508e-04
5.454940248515845408e-04
6.326443901071945094e-04
5.085896840453826666e-04
5.565035539993040811e-04
5.367200609894386219e-04
5.416399302346267507e-04
5.960903690890146343e-04
5.084173400651452544e-04
6.893653610773719381e-04
6.159469209462018141e-04
6.842451298926527240e-04
6.344949321138078921e-04
9.057485482382571489e-04
4.858948397092005089e-04
5.227190892684684250e-04
5.991192560898767972e-04
5.775050400138950508e-04
5.719705666771008473e-04
5.406410010220767540e-04
4.939336815972794874e-04
6.244377687507680517e-04
5.318444334417509823e-04
8.114885067607707910e-04
4.916225794788022267e-04
8.434499344112509787e-04
5.112755924750405452e-04
5.833138840689167234e-04
5.244971014561247138e-04
6.881059616774200423e-04
7.049270141231006332e-04
5.671879252631981203e-04
8.204874643675763536e-04
6.150676607215519722e-04
8.439184176264373722e-04
6.416160170755347975e-04
8.707811306420825976e-04
5.753185956370473987e-04
7.904050916985218148e-04
6.239557815537348550e-04
6.568567388082520312e-04
7.972498394818036075e-04
5.488132403422669135e-04
6.071326399113368376e-04
5.746324229368170210e-04
4.922312012513841394e-04
6.941261111693440089e-04
7.281398322359237734e-04
5.035474546302972981e-04
5.554249212536586456e-04
5.570378378526769135e-04
5.599416899924078254e-04
5.264520064890853722e-04
7.185445611866843590e-04
5.086848214614036979e-04
6.297491546214058255e-04
6.526607185044403002e-04
9.144264496825250249e-04
5.152320445069110853e-04
6.066387924270062303e-04
5.267739079277777934e-04
5.082767918416851004e-04
7.492432848811717352e-04
7.304519537048835293e-04
4.873296427399766888e-04
5.435954492898275800e-04
5.140690031491414571e-04
5.344448180965458237e-04
6.191887429502521091e-04
4.871523938626092756e-04
5.808443123206200607e-04
7.007265410586003065e-04
8.809273564548450149e-04
7.641011206324022824e-04
5.480175458056537469e-04
6.888855850966116518e-04
8.355843277757474090e-04
6.877467782466411064e-04
5.325963372316830976e-04
6.274548475532067083e-04
5.673136307261646095e-04
5.728314850303584246e-04
8.850422462401699112e-04
7.161923548778862357e-04
4.908571715096407247e-04
8.111235333029975401e-04
5.944926087319776526e-04
4.932934528405094566e-04
4.950396149088744308e-04
6.203744318020574687e-04
8.020639906244806609e-04
8.553281807765283299e-04
5.585323954331706219e-04
7.511820996956364901e-04
6.907705931004995414e-04
7.538821565924153480e-04
8.366034531746833255e-04
7.471509439307618154e-04
5.207131479244874513e-04
6.208673976874534879e-04
7.959238218404179064e-04
6.133004207116362098e-04
7.750383282783843229e-04
6.826137079700379459e-04
6.499308366327648636e-04
6.728780114952504074e-04
7.578518567332649843e-04
5.015465107777079563e-04
5.857532574774340682e-04
5.655468148834816517e-04
6.085541431389739553e-04
5.333895632074227549e-04
7.131207817141674938e-04
8.901021029528624184e-04
7.023832292020824441e-04
6.340737612561451152e-04
4.890276296489694165e-04
7.942204880083299223e-04
7.001192197641197944e-04
6.116410959985514552e-04
5.036318405347121885e-04
6.638027593230580014e-04
6.670065300772072157e-04
6.077063666303290273e-04
6.133536870410802441e-04
7.467468124276463795e-04
7.810144390278529313e-04
5.307859161782849111e-04
6.320915422167255014e-04
5.352266948454654279e-04
7.597551650423211515e-04
6.136531145870024583e-04
7.462410086016128298e-04
7.414813078879238127e-04
5.334083575086531878e-04
4.969808355366142367e-04
5.683898007196691539e-04
7.945271388895467322e-04
5.678379167501619671e-04
6.121836761761356759e-04
5.142319489724016127e-04
5.593061893076786651e-04
7.980280161826492930e-04
4.975251247975552831e-04
5.752051670779476881e-04
5.652433655786132756e-04
5.787461873282627022e-04
7.064505547205164430e-04
8.506626659825827427e-04
6.782899613162944683e-04
7.684446556060663602e-04
5.414779741864071683e-04
5.705307265705999911e-04
6.773693086267095148e-04
6.670950255304348986e-04
7.386918590595659747e-04
6.779018755055120143e-04
5.443033131020117614e-04
5.280690796347040387e-04
6.334549669263815023e-04
8.479070317522432619e-04
8.581752606156532737e-04
4.883532958467410581e-04
8.611562461268021731e-04
5.186669607091400460e-04
6.428982557612567201e-04
7.150066017271188880e-04
7.055048331561325449e-04
5.565635207288221944e-04
5.473773344178711493e-04
6.209669530965940829e-04
6.858136077539082496e-04
5.630300125184637587e-04
6.388203599649606296e-04
6.537514746179964300e-04
7.587450690407127225e-04
5.958233678359615504e-04
6.313429148260959675e-04
6.709962029313268914e-04
5.521842837769258376e-04
5.586151075744913517e-04
5.417759412441384937e-04
5.085686465102162799e-04
8.132968759769447628e-04
6.949594624652971619e-04
6.938239999804443571e-04
5.438438034819659825e-04
8.691690477055744480e-04
6.995194072662064451e-04
8.037153639584255571e-04
8.277187794034448522e-04
6.025168718323815594e-04
6.179727089409489671e-04
8.637589335720327827e-04
7.151263292345878993e-04
4.964774718084484810e-04
7.251144703426891771e-04
5.630077736153286157e-04
8.805046382727201026e-04
7.446056852912900405e-04
7.587928538095356544e-04
5.434721369267448213e-04
7.564301118832109138e-04
7.709620893912886783e-04
6.168438195869383042e-04
4.948250624946670543e-04
8.350256562099068157e-04
5.982601846996679759e-04
6.196802385530166988e-04
5.856834765426602958e-04
5.677918775710422009e-04
5.721549146568566131e-04
8.742203675693779180e-04
6.680491515853767244e-04
6.610057113352385333e-04
6.714626645348161210e-04
8.145498605550911863e-04
6.731422965385053941e-04
8.250867418136033230e-04
7.239479780654279771e-04
6.844824574661217704e-04
5.911724579396610696e-04
5.037243365801906837e-04
4.982697397238181926e-04
5.916123437111489927e-04
5.232308797499162162e-04
6.413697462371864425e-04
5.790570740969228341e-04
5.555186175318299960e-04
6.614043744686936687e-04
7.049552360889627806e-04
7.505155172439915544e-04
8.282929687890505047e-04
8.144943078955011124e-04
5.442081103084554219e-04
5.506211852310219802e-04
4.957547372997152561e-04
5.035983632612015676e-04
5.366300495392634963e-04
7.443020223161330622e-04
6.504775739491722598e-04
5.908367377231791683e-04
6.020098980206762965e-04
5.970422932198237408e-04
7.747344154182861549e-04
5.194028163922042446e-04
5.523676010838486075e-04
8.305481994840075094e-04
4.929772080094314227e-04
6.570673355528119930e-04
8.019499214141169235e-04
9.224191215564482354e-04
7.590184627727058738e-04
5.442026412362768913e-04
8.649080676350669877e-04
5.025519818446092576e-04
7.545800267438119470e-04
8.226595931201607318e-04
7.002138409540812052e-04
6.763718654475980733e-04
5.229682499961012514e-04
5.255424009489849954e-04
5.778456230615761904e-04
5.099591736769804994e-04
7.977638028452038906e-04
6.438444903024709027e-04
5.137718762581153275e-04
6.127262270920895600e-04
8.504764899531194917e-04
6.927692859845260799e-04
7.168085478036313263e-04
4.899020484240328632e-04
8.811110251962322136e-04
4.986522273765370142e-04
5.129533984009894106e-04
7.503995419078057479e-04
6.654763285252393709e-04
6.579513949612100484e-04
5.157166060078531046e-04
6.664545896965714394e-04
5.436242376525531658e-04
5.246190976312290963e-04
5.257673882661613105e-04
7.071347948830478342e-04
8.995332891470915731e-04
5.891824018679362243e-04
5.054767587174859023e-04
5.820470892145748884e-04
5.458998071095303318e-04
8.499597688801801849e-04
5.383078034689283472e-04
6.928191091095500711e-04
8.266037936262148490e-04
5.052429627184036251e-04
6.295639571986319646e-04
5.011149611488477807e-04
5.396816227349237119e-04
5.188508356185707110e-04
4.863588567050549272e-04
5.904072690644504486e-04
8.221907341167136946e-04
7.491489066815983349e-04
6.703296305480639563e-04
5.366976323150445503e-04
4.994251617595173035e-04
8.734878963560996357e-04
6.713515895610407645e-04
5.689669875160670342e-04
5.272677885478309736e-04
6.969365372147288615e-04
4.958514757476315633e-04
5.360077708146868385e-04
5.248563693350137213e-04
6.582645124126008333e-04
5.421555771678445530e-04
6.284523065320163967e-04
6.816174397391963668e-04
8.026533676152348713e-04
7.761741573377966804e-04
6.387131958340221301e-04
5.142590388401271700e-04
5.173856237348859865e-04
5.065962608663461021e-04
5.009882943666813752e-04
6.285774019442712246e-04
6.872264543050421361e-04
8.746419488058314318e-04
6.119152902571092399e-04
6.988608586741679434e-04
5.866570067637887249e-04
6.105475578390992617e-04
7.395146757838991442e-04
4.856686592278447565e-04
8.279933265180095285e-04
5.407773088509867671e-04
6.089059553137617705e-04
8.664510168325363030e-04
6.780484872596174170e-04
8.838287060727077022e-04
6.939190751982478918e-04
6.613738163244082830e-04
6.419528932139507158e-04
9.270431049382541660e-04
5.233827630477031184e-04
7.905489934841821494e-04
5.637554663846211208e-04
5.772452013532266201e-04
9.227910764648202153e-04
8.007970268890988140e-04
8.981950220098558132e-04
6.020070439761279670e-04
5.105850275428247152e-04
6.291114030587417793e-04
6.242119071074658061e-04
8.003813019141398132e-04
5.638187345095797874e-04
5.516720724750949489e-04
6.290975006935007772e-04
6.086518417696228480e-04
6.239287133071945001e-04
8.565313632884878365e-04
6.525729044020555508e-04
5.099602420514746243e-04
5.920642287269936186e-04
5.417097901600354112e-04
5.127596846216885516e-04
5.620841997223410087e-04
5.590330536210789437e-04
5.026374414057535340e-04
4.912534224958563147e-04
5.512104178971066791e-04
