5.094486846405550384e-01
5.288851288756883928e-01
5.490631107296143343e-01
5.700109212844586271e-01
5.917579309813807420e-01
6.143346308001907952e-01
6.377726750100484177e-01
6.621049255511813891e-01
6.873654981098531458e-01
7.135898099511781556e-01
7.408146295768510692e-01
7.690781282774131755e-01
7.984199336513368994e-01
8.288811851659663166e-01
8.605045918382131509e-01
8.933344921158832275e-01
9.274169160435890014e-01
9.627996498004119941e-01
9.995323026998006455e-01
1.037666376745641328e+00
1.077255338842028953e+00
1.118354695757977746e+00
1.161022071952178436e+00
1.205317290366922478e+00
1.251302456304465016e+00
1.299042044503435189e+00
1.348602989537377006e+00
1.400054779662169180e+00
1.453469554243902007e+00
1.508922204903816677e+00
1.566490480522115813e+00
1.626255096247872789e+00
1.688299846667878024e+00
1.752711723293091106e+00
1.819581036527428530e+00
1.889001542289896474e+00
1.961070573467596390e+00
2.035889176383917309e+00
2.113562252473252467e+00
2.194198705360874246e+00
2.277911593554193814e+00
2.364818288959478654e+00
2.455040641446292859e+00
2.548705149690384530e+00
2.645943138534552208e+00
2.746890943116177208e+00
2.851690100019565133e+00
2.960487545721125269e+00
3.073435822605604439e+00
3.190693292842243789e+00
3.312424360420714198e+00
3.438799701658152852e+00
3.569996504500483780e+00
3.706198716953543304e+00
3.847597304992326883e+00
3.994390520309972104e+00
4.146784178281877509e+00
4.304991946534681979e+00
4.469235644524708562e+00
4.639745554545898543e+00
4.816760744603294953e+00
5.000529403604772050e+00
5.191309189340961083e+00
5.389367589741291376e+00
5.594982297912633129e+00
5.808441601486385331e+00
6.030044786819904523e+00
6.260102558618990898e+00
6.498937475569775302e+00
6.746884402590803020e+00
7.004290980339393791e+00
7.271518112630580788e+00
7.548940472452009942e+00
7.836947027284273837e+00
8.135941584463230569e+00
8.446343357348942149e+00
8.768587553095036569e+00
9.103125982842605879e+00
9.450427695194163036e+00
9.810979633855854587e+00
1.018528732036997475e+01
1.057387556289504538e+01
1.097728919202719844e+01
1.139609382469457621e+01
1.183087665719575909e+01
1.228224728849411740e+01
1.275083857492243666e+01
1.323730751749616452e+01
1.374233618307934357e+01
1.426663266069481217e+01
1.481093205431945670e+01
1.537599751355651101e+01
1.596262130362998732e+01
1.657162591620143388e+01
1.720386522256650252e+01
1.786022567084813062e+01
1.854162752886501764e+01
1.924902617441784258e+01
1.998341343480240440e+01
2.074581897742774927e+01
2.153731175348907811e+01
2.235900149671949322e+01
2.321204027932204994e+01
2.409762412726353631e+01
2.501699469719488178e+01
2.597144101734923538e+01
2.696230129485867977e+01
2.799096479202352583e+01
2.905887377416487283e+01
3.016752553179150809e+01
3.131847447991633970e+01
3.251333433746573576e+01
3.375378038983756568e+01
3.504155183778014759e+01
3.637845423588544946e+01
3.776636202411541632e+01
3.920722115591096468e+01
4.070305182656834830e+01
4.225595130570827251e+01
4.386809687780919376e+01
4.554174889492755796e+01
4.727925394588521613e+01
4.908304814636738911e+01
5.095566055454414567e+01
5.289971671700448042e+01
5.491794234997446011e+01
5.701316716098101978e+01
5.918832881631945497e+01
6.144647705988748498e+01
6.379077798916076603e+01
6.622451849430484572e+01
6.875111086664807658e+01
7.137409758297630447e+01
7.409715627235790691e+01
7.692410487246230844e+01
7.985890698260232057e+01
8.290567742100515147e+01
8.606868799410388249e+01
8.935237348593864226e+01
9.276133787606477199e+01
9.630036079468625587e+01
9.997440422406468485e+01
1.037886194556001414e+02
1.077483543123375824e+02
1.118591606470261297e+02
1.161268021262434615e+02
1.205572623114995992e+02
1.251567530486502164e+02
1.299317231773821959e+02
1.348888675729826900e+02
1.400351365330691351e+02
1.453777455224409607e+02
1.509241852897159788e+02
1.566822323699360311e+02
1.626599599878669267e+02
1.688657493772807641e+02
1.753083015320895868e+02
1.819966494058081992e+02
1.889401705764495887e+02
1.961486003946102983e+02
2.036320456331806668e+02
2.114009986578173823e+02
2.194663521380471138e+02
2.278394143196266555e+02
2.365319248795731539e+02
2.455560713860937199e+02
2.549245063864935332e+02
2.646503651470197838e+02
2.747472840695153309e+02
2.852294198107023817e+02
2.961114691309035720e+02
3.074086895000305617e+02
3.191369204897295617e+02
3.313126059816790985e+02
3.439528172231765666e+02
3.570752767623391151e+02
3.706983832964795624e+02
3.848412374684942847e+02
3.995236686474335670e+02
4.147662627308015431e+02
4.305903910075673480e+02
4.470182401223565307e+02
4.640728431828312068e+02
4.817781120538794539e+02
5.001588708838878006e+02
5.192408909101067138e+02
5.390509265919062045e+02
5.596167531225858056e+02
5.809672053723306817e+02
6.031322183169173741e+02
6.261428690088512212e+02
6.500314201497839122e+02
6.748313653253023858e+02
7.005774759655103026e+02
7.273058500972474576e+02
7.550539629562987329e+02
7.838607195305570485e+02
8.137665091078069963e+02
8.448132619046123182e+02
8.770445078557044098e+02
9.105054376462969685e+02
9.452429660729021634e+02
9.813057978214826562e+02
1.018744495755166440e+03
1.057611551807268370e+03
1.097961460579019104e+03
1.139850795745183177e+03
1.183338289374703436e+03
1.228484914277576991e+03
1.275353969493423619e+03
1.324011169041606763e+03
1.374524734057340766e+03
1.426965488442969445e+03
1.481406958168522578e+03
1.537925474360778935e+03
1.596600280325376843e+03
1.657513642652021190e+03
1.720750966558566461e+03
1.786400915635704223e+03
1.854555536160129350e+03
1.925310386150500108e+03
1.998764669347128347e+03
2.075021374303251832e+03
2.154187418782904842e+03
2.236373799667843741e+03
2.321695748583711520e+03
2.410272893463636137e+03
2.502229426275792775e+03
2.597694277150093058e+03
2.696801295148140071e+03
2.799689435929903084e+03
2.906502956580244700e+03
3.017391617868438061e+03
3.132510894224285039e+03
3.252022191725221091e+03
3.376093074400047954e+03
3.504897499166586385e+03
3.638616059732650228e+03
3.777436239802312230e+03
3.921552675942472888e+03
4.071167430478294136e+03
4.226490274800116822e+03
4.387738983479080161e+03
4.555139639603811702e+03
4.728926951766315142e+03
4.909344583141448311e+03
5.096645493121433901e+03
5.291092291984385156e+03
5.492957609094108193e+03
5.702524475147433805e+03
5.920086719005005762e+03
6.145949379661942658e+03
6.380429133935981554e+03
6.623854740472715093e+03
6.876567500690478482e+03
7.138921737311191464e+03
7.411285291148075885e+03
7.694040036846744442e+03
7.987582418302826227e+03
8.292324004506770507e+03
8.608692066595238430e+03
8.937130176918099096e+03
9.278098830960965643e+03
9.632076092995248473e+03
9.999558266361051210e+03
1.038106058932262567e+04
1.077711795747202632e+04
1.118828567369383563e+04
1.161514022674252737e+04
1.205828009952405409e+04
1.251832660821486752e+04
1.299592477339499237e+04
1.349174422441644856e+04
1.400648013827510840e+04
1.454085421430233691e+04
1.509561568604291097e+04
1.567154237173804540e+04
1.626944176488639459e+04
1.689015216641205552e+04
1.753454386002691172e+04
1.820352033243526967e+04
1.889801954009172550e+04
1.961901522428827593e+04
2.036751827641441923e+04
2.114457815530467997e+04
2.195128435866050859e+04
2.278876795060987934e+04
2.365820314754621359e+04
2.456080896447001214e+04
2.549785092414158498e+04
2.647064283144129513e+04
2.748054861542509025e+04
2.852898424165787219e+04
2.961741969750603312e+04
3.074738105317282680e+04
3.192045260136621437e+04
3.313827907859896368e+04
3.440256797123575961e+04
3.571509190952033532e+04
