4.999999835123524750e-01 5.190759416806657311e-01
5.190759416806657311e-01 5.388796842330562109e-01
5.388796842330562109e-01 5.594389775393722175e-01
5.594389775393722175e-01 5.807826473097159603e-01
5.807826473097159603e-01 6.029406190103062668e-01
6.029406190103062668e-01 6.259439598212831468e-01
6.259439598212831468e-01 6.498249221952832055e-01
6.498249221952832055e-01 6.746169890778581646e-01
6.746169890778581646e-01 7.003549208531392178e-01
7.003549208531392178e-01 7.270748040805689039e-01
7.270748040805689039e-01 7.548141020910312804e-01
7.548141020910312804e-01 7.836117075133235410e-01
7.836117075133235410e-01 8.135079968046118326e-01
8.135079968046118326e-01 8.445448868613285587e-01
8.445448868613285587e-01 8.767658937898847871e-01
8.767658937898847871e-01 9.102161939195974050e-01
9.102161939195974050e-01 9.449426871433768138e-01
9.449426871433768138e-01 9.809940626749824588e-01
9.809940626749824588e-01 1.018420867315045664e+00
1.018420867315045664e+00 1.057275576321569321e+00
1.057275576321569321e+00 1.097612666984275620e+00
1.097612666984275620e+00 1.139488695005955510e+00
1.139488695005955510e+00 1.182962373797911582e+00
1.182962373797911582e+00 1.228094656800676754e+00
1.228094656800676754e+00 1.274948822945424221e+00
1.274948822945424221e+00 1.323590565375894146e+00
1.323590565375894146e+00 1.374088083555233819e+00
1.374088083555233819e+00 1.426512178886888194e+00
1.426512178886888194e+00 1.480936353983612674e+00
1.480936353983612674e+00 1.537436915723786823e+00
1.537436915723786823e+00 1.596093082239525840e+00
1.596093082239525840e+00 1.656987093986594495e+00
1.656987093986594495e+00 1.720204329051847836e+00
1.720204329051847836e+00 1.785833422859875341e+00
1.785833422859875341e+00 1.853966392446681155e+00
1.853966392446681155e+00 1.924698765474644579e+00
1.924698765474644579e+00 1.998129714169648574e+00
1.998129714169648574e+00 2.074362194368164936e+00
2.074362194368164936e+00 2.153503089869253984e+00
2.153503089869253984e+00 2.235663362293871526e+00
2.235663362293871526e+00 2.320958206661591028e+00
2.320958206661591028e+00 2.409507212902879836e+00
2.409507212902879836e+00 2.501434533533378524e+00
2.501434533533378524e+00 2.596869057725273766e+00
2.596869057725273766e+00 2.695944592019827724e+00
2.695944592019827724e+00 2.798800047934437263e+00
2.798800047934437263e+00 2.905579636727266379e+00
2.905579636727266379e+00 3.016433071592514725e+00
3.016433071592514725e+00 3.131515777569831460e+00
3.131515777569831460e+00 3.250989109462169679e+00
3.250989109462169679e+00 3.375020578067628563e+00
3.375020578067628563e+00 3.503784085042471741e+00
3.503784085042471741e+00 3.637460166724623800e+00
3.637460166724623800e+00 3.776236247259495027e+00
3.776236247259495027e+00 3.920306901383046494e+00
3.920306901383046494e+00 4.069874127230534988e+00
4.069874127230534988e+00 4.225147629553424267e+00
4.225147629553424267e+00 4.386345113741577428e+00
4.386345113741577428e+00 4.553692591062948658e+00
4.553692591062948658e+00 4.727424695548764433e+00
4.727424695548764433e+00 4.907785012968476579e+00
4.907785012968476579e+00 5.095026422355739548e+00
5.095026422355739548e+00 5.289411450564260875e+00
5.289411450564260875e+00 5.491212640350635610e+00
5.491212640350635610e+00 5.700712932500252350e+00
5.700712932500252350e+00 5.918206062532027190e+00
5.918206062532027190e+00 6.143996972538185553e+00
6.143996972538185553e+00 6.378402238736531338e+00
6.378402238736531338e+00 6.621750515334639431e+00
6.621750515334639431e+00 6.874382995328330637e+00
6.874382995328330637e+00 7.136653888880481134e+00
7.136653888880481134e+00 7.408930919950924121e+00
7.408930919950924121e+00 7.691595841873695605e+00
7.691595841873695605e+00 7.985044972604575797e+00
7.985044972604575797e+00 8.289689750389337419e+00
8.289689750389337419e+00 8.605957310631795920e+00
8.605957310631795920e+00 8.934291084770503488e+00
8.934291084770503488e+00 9.275151422003704127e+00
9.275151422003704127e+00 9.629016234734327995e+00
9.629016234734327995e+00 9.996381668639912732e+00
9.996381668639912732e+00 1.037776279830700510e+01
1.037776279830700510e+01 1.077369434940532678e+01
1.077369434940532678e+01 1.118473144841429345e+01
1.118473144841429345e+01 1.161145040095300907e+01
1.161145040095300907e+01 1.205444949980508085e+01
1.205444949980508085e+01 1.251434986377108238e+01
1.251434986377108238e+01 1.299179630852488643e+01
1.299179630852488643e+01 1.348745825069481974e+01
1.348745825069481974e+01 1.400203064643724638e+01
1.400203064643724638e+01 1.453623496581854546e+01
1.453623496581854546e+01 1.509082020437161020e+01
1.509082020437161020e+01 1.566656393324518604e+01
1.566656393324518604e+01 1.626427338941840972e+01
1.626427338941840972e+01 1.688478660750912752e+01
1.688478660750912752e+01 1.752897359476286354e+01
1.752897359476286354e+01 1.819773755086987066e+01
1.819773755086987066e+01 1.889201613432058124e+01
1.889201613432058124e+01 1.961278277707486950e+01
1.961278277707486950e+01 2.036104804938852908e+01
2.036104804938852908e+01 2.113786107671046821e+01
2.113786107671046821e+01 2.194431101063728207e+01
2.194431101063728207e+01 2.278152855598752069e+01
2.278152855598752069e+01 2.365068755613679841e+01
2.365068755613679841e+01 2.455300663883646095e+01
2.455300663883646095e+01 2.548975092482340088e+01
2.548975092482340088e+01 2.646223380161661964e+01
2.646223380161661964e+01 2.747181876498750697e+01
2.747181876498750697e+01 2.851992133068576507e+01
2.851992133068576507e+01 2.960801101910131905e+01
2.960801101910131905e+01 3.073761341564495808e+01
3.073761341564495808e+01 3.191031230973630173e+01
3.191031230973630173e+01 3.312775191539841302e+01
3.312775191539841302e+01 3.439163917657226222e+01
3.439163917657226222e+01 3.570374616038341031e+01
3.570374616038341031e+01 3.706591254171634375e+01
3.706591254171634375e+01 3.848004818258015547e+01
3.848004818258015547e+01 3.994813580988193280e+01
3.994813580988193280e+01 4.147223379536232102e+01
4.147223379536232102e+01 4.305447904159099437e+01
4.305447904159099437e+01 4.469708997806839079e+01
4.469708997806839079e+01 4.640236967163442472e+01
4.640236967163442472e+01 4.817270905554526905e+01
4.817270905554526905e+01 5.001059028174577747e+01
5.001059028174577747e+01 5.191859020103708389e+01
5.191859020103708389e+01 5.389938397601992648e+01
5.389938397601992648e+01 5.595574883187795479e+01
5.595574883187795479e+01 5.809056795026136655e+01
5.809056795026136655e+01 6.030683451172885867e+01
6.030683451172885867e+01 6.260765589241734830e+01
6.260765589241734830e+01 6.499625802082204018e+01
6.499625802082204018e+01 6.747598990079609393e+01
6.747598990079609393e+01 7.005032830711191139e+01
7.005032830711191139e+01 7.272288266016629166e+01
7.272288266016629166e+01 7.549740008666583435e+01
7.549740008666583435e+01 7.837777067338615211e+01
7.837777067338615211e+01 8.136803292137328469e+01
8.136803292137328469e+01 8.447237940823208646e+01
8.447237940823208646e+01 8.769516266644299662e+01
8.769516266644299662e+01 9.104090128594664577e+01
9.104090128594664577e+01 9.451428624955508440e+01
9.451428624955508440e+01 9.812018751006968387e+01
9.812018751006968387e+01 1.018636608183300467e+02
1.018636608183300467e+02 1.057499548117652068e+02
1.057499548117652068e+02 1.097845183733865753e+02
1.097845183733865753e+02 1.139730082715415875e+02
1.139730082715415875e+02 1.183212970911371258e+02
1.183212970911371258e+02 1.228354814674559350e+02
1.228354814674559350e+02 1.275218906341071943e+02
1.275218906341071943e+02 1.323870952970997052e+02
1.323870952970997052e+02 1.374379168474759183e+02
1.374379168474759183e+02 1.426814369254277324e+02
1.426814369254277324e+02 1.481250073492995512e+02
1.481250073492995512e+02 1.537762604234040111e+02
1.537762604234040111e+02 1.596431196390983303e+02
1.596431196390983303e+02 1.657338107841295027e+02
1.657338107841295027e+02 1.720568734758208507e+02
1.720568734758208507e+02 1.786211731342715154e+02
1.786211731342715154e+02 1.854359134123584738e+02
1.854359134123584738e+02 1.925106490999640698e+02
1.925106490999640698e+02 1.998552995205276659e+02
1.998552995205276659e+02 2.074801624386982439e+02
2.074801624386982439e+02 2.153959284985939462e+02
2.153959284985939462e+02 2.236136962129054666e+02
2.236136962129054666e+02 2.321449875238660070e+02
2.321449875238660070e+02 2.410017639578984188e+02
2.410017639578984188e+02 2.501964433965969477e+02
2.501964433965969477e+02 2.597419174875500971e+02
2.597419174875500971e+02 2.696515697194236054e+02
2.696515697194236054e+02 2.799392941866399269e+02
2.799392941866399269e+02 2.906195150699661554e+02
2.906195150699661554e+02 3.017072068603265507e+02
3.017072068603265507e+02 3.132179153541878236e+02
3.132179153541878236e+02 3.251677794499637457e+02
3.251677794499637457e+02 3.375735537759892964e+02
3.375735537759892964e+02 3.504526321818000838e+02
3.504526321818000838e+02 3.638230721256446714e+02
3.638230721256446714e+02 3.777036199924319817e+02
3.777036199924319817e+02 3.921137373776018649e+02
3.921137373776018649e+02 4.070736283737811050e+02
4.070736283737811050e+02 4.226042678984717327e+02
4.226042678984717327e+02 4.387274311025013276e+02
4.387274311025013276e+02 4.554657239004573626e+02
4.554657239004573626e+02 4.728426146659164715e+02
4.728426146659164715e+02 4.908824671359119520e+02
4.908824671359119520e+02 5.096105745707625942e+02
5.096105745707625942e+02 5.290531952171728562e+02
5.290531952171728562e+02 5.492375891243094657e+02
5.492375891243094657e+02 5.701920563644905542e+02
5.701920563644905542e+02 5.919459767120591778e+02
5.919459767120591778e+02 6.145298508360905316e+02
6.145298508360905316e+02 6.379753430646702554e+02
6.379753430646702554e+02 6.623153257807218779e+02
6.623153257807218779e+02 6.875839255116133018e+02
6.875839255116133018e+02 7.138165707771704547e+02
7.138165707771704547e+02 7.410500417631907339e+02
7.410500417631907339e+02 7.693225218900864775e+02
7.693225218900864775e+02 7.986736513489821618e+02
7.986736513489821618e+02 8.291445826803039836e+02
8.291445826803039836e+02 8.607780384728129093e+02
8.607780384728129093e+02 8.936183712639523264e+02
8.936183712639523264e+02 9.277116257255225946e+02
9.277116257255225946e+02 9.631056032218447172e+02
9.631056032218447172e+02 9.998499288309561734e+02
9.998499288309561734e+02 1.037996120922778118e+03
1.037996120922778118e+03 1.077597663391838751e+03
1.077597663391838751e+03 1.118710080645802918e+03
1.118710080645802918e+03 1.161391015454958051e+03
1.161391015454958051e+03 1.205700309771817956e+03
1.205700309771817956e+03 1.251700088634132499e+03
1.251700088634132499e+03 1.299454847268977801e+03
1.299454847268977801e+03 1.349031541520012979e+03
1.349031541520012979e+03 1.400499681724732454e+03
1.400499681724732454e+03 1.453931430173293393e+03
1.453931430173293393e+03 1.509401702285605779e+03
1.509401702285605779e+03 1.566988271648501041e+03
1.566988271648501041e+03 1.626771879060292349e+03
1.626771879060292349e+03 1.688836345735570603e+03
1.688836345735570603e+03 1.753268690829002708e+03
1.753268690829002708e+03 1.820159253442874160e+03
1.820159253442874160e+03 1.889601819289451441e+03
1.889601819289451441e+03 1.961693752185773292e+03
1.961693752185773292e+03 2.036536130565196117e+03
2.036536130565196117e+03 2.114233889197143981e+03
2.114233889197143981e+03 2.194895966313708414e+03
2.194895966313708414e+03 2.278635456349443302e+03
2.278635456349443302e+03 2.365569768508441484e+03
2.365569768508441484e+03 2.455820791381083836e+03
2.455820791381083836e+03 2.549515063841197389e+03
2.549515063841197389e+03 2.646783952463307287e+03
2.646783952463307287e+03 2.747763835708653005e+03
2.747763835708653005e+03 2.852596295138296682e+03
2.852596295138296682e+03 2.961428313921353038e+03
2.961428313921353038e+03 3.074412482916682166e+03
3.074412482916682166e+03 3.191707214617029422e+03
3.191707214617029422e+03 3.313476965255496907e+03
3.313476965255496907e+03 3.439892465385853484e+03
3.439892465385853484e+03 3.571130959259872725e+03
3.571130959259872725e+03 3.707376453337429211e+03
3.707376453337429211e+03 3.848819974277677375e+03
3.848819974277677375e+03 3.995659836773145798e+03
3.995659836773145798e+03 4.148101921602154107e+03
4.148101921602154107e+03 4.306359964289526033e+03
4.306359964289526033e+03 4.470655854780201480e+03
4.470655854780201480e+03 4.641219948546023261e+03
4.641219948546023261e+03 4.818291389561818505e+03
4.818291389561818505e+03 5.002118445603622604e+03
5.002118445603622604e+03 5.192958856339203521e+03
5.192958856339203521e+03 5.391080194698907690e+03
5.391080194698907690e+03 5.596760242033461509e+03
5.596760242033461509e+03 5.810287377584808382e+03
5.810287377584808382e+03 6.031960982815930038e+03
6.031960982815930038e+03 6.262091861166748458e+03
6.262091861166748458e+03 6.501002673824402336e+03
6.501002673824402336e+03 6.749028392119067576e+03
6.749028392119067576e+03 7.006516767179462477e+03
7.006516767179462477e+03 7.273828817506753694e+03
7.273828817506753694e+03 7.551339335150200895e+03
7.551339335150200895e+03 7.839437411194442575e+03
7.839437411194442575e+03 8.138526981295131918e+03
8.138526981295131918e+03 8.449027392027717724e+03
8.449027392027717724e+03 8.771373988843693951e+03
8.771373988843693951e+03 9.106018726458325546e+03
9.106018726458325546e+03 9.453430802525947001e+03
9.453430802525947001e+03 9.814097315491084373e+03
9.814097315491084373e+03 1.018852394753803310e+04
1.018852394753803310e+04 1.057723567359609660e+04
1.057723567359609660e+04 1.098077749739484352e+04
1.098077749739484352e+04 1.139971521560115070e+04
1.139971521560115070e+04 1.183463621110977510e+04
1.183463621110977510e+04 1.228615027659924817e+04
1.228615027659924817e+04 1.275489046950812190e+04
1.275489046950812190e+04 1.324151399963020413e+04
1.324151399963020413e+04 1.374670315057311745e+04
1.374670315057311745e+04 1.427116623637254088e+04
1.427116623637254088e+04 1.481563859460284220e+04
1.481563859460284220e+04 1.538088361737696869e+04
1.538088361737696869e+04 1.596769382168075390e+04
1.596769382168075390e+04 1.657689196054286731e+04
1.657689196054286731e+04 1.720933217659768707e+04
1.720933217659768707e+04 1.786590119965903796e+04
1.786590119965903796e+04 1.854751958998342161e+04
1.854751958998342161e+04 1.925514302896649315e+04
1.925514302896649315e+04 1.998976365908172011e+04
1.998976365908172011e+04 2.075241147494046527e+04
2.075241147494046527e+04 2.154415576742367557e+04
2.154415576742367557e+04 2.236610662290973050e+04
2.236610662290973050e+04 2.321941647970118356e+04
2.321941647970118356e+04 2.410528174383168516e+04
2.410528174383168516e+04 2.502494446651934777e+04
2.502494446651934777e+04 2.597969408561785167e+04
2.597969408561785167e+04 2.697086923350777215e+04
2.697086923350777215e+04 2.799985961396190032e+04
2.799985961396190032e+04 2.906810795061690806e+04
2.906810795061690806e+04 3.017711200978259149e+04
3.017711200978259149e+04 3.132842670042574537e+04
3.132842670042574537e+04 3.252366625427188410e+04
3.252366625427188410e+04 3.376450648908228322e+04
3.376450648908228322e+04 3.505268715827941924e+04
3.505268715827941924e+04 3.639001439021477563e+04
