1.002307548283865124e+01
1.006938631476027446e+01
1.011591112223829825e+01
1.016265089392994980e+01
1.020960662306046807e+01
1.025677930744421573e+01
1.030416994950587650e+01
1.035177955630176250e+01
1.039960913954119981e+01
1.044765971560804374e+01
1.049593230558227397e+01
1.054442793526168742e+01
1.059314763518370128e+01
1.064209244064724480e+01
1.069126339173476303e+01
1.074066153333433249e+01
1.079028791516183894e+01
1.084014359178330977e+01
1.089022962263730143e+01
1.094054707205742716e+01
1.099109700929497002e+01
1.104188050854160430e+01
1.109289864895222699e+01
1.114415251466787815e+01
1.119564319483878556e+01
1.124737178364751600e+01
1.129933938033221885e+01
1.135154708920999056e+01
1.140399601970032784e+01
1.145668728634871769e+01
1.150962200885031983e+01
1.156280131207375739e+01
1.161622632608501959e+01
1.166989818617147279e+01
1.172381803286598867e+01
1.177798701197118980e+01
1.183240627458378214e+01
1.188707697711903144e+01
1.194200028133532143e+01
1.199717735435884691e+01
1.205260936870842237e+01
1.210829750232039714e+01
1.216424293857368077e+01
1.222044686631488375e+01
1.227691047988359507e+01
1.233363497913775753e+01
1.239062156947916193e+01
1.244787146187906579e+01
1.250538587290390957e+01
1.256316602474120536e+01
1.262121314522547166e+01
1.267952846786434584e+01
1.273811323186478894e+01
1.279696868215941308e+01
1.285609606943295624e+01
1.291549665014883708e+01
1.297517168657587483e+01
1.303512244681509280e+01
1.309535020482667278e+01
1.315585624045704272e+01
1.321664183946604787e+01
1.327770829355429782e+01
1.333905690039058989e+01
1.340068896363950302e+01
1.346260579298910010e+01
1.352480870417874925e+01
1.358729901902709791e+01
1.365007806546014102e+01
1.371314717753945267e+01
1.377650769549053855e+01
1.384016096573131271e+01
1.390410834090070402e+01
1.396835117988740116e+01
1.403289084785872909e+01
1.409772871628966584e+01
1.416286616299198720e+01
1.422830457214353039e+01
1.429404533431761415e+01
1.436008984651260256e+01
1.442643951218157738e+01
1.449309574126216660e+01
1.456005995020649735e+01
1.462733356201130164e+01
1.469491800624816769e+01
1.476281471909389964e+01
1.483102514336104427e+01
1.489955072852854734e+01
1.496839293077255917e+01
1.503755321299738057e+01
1.510703304486654375e+01
1.517683390283405309e+01
1.524695727017574143e+01
1.531740463702080213e+01
1.538817750038345977e+01
1.545927736419477405e+01
1.553070573933459997e+01
1.560246414366369017e+01
1.567455410205595356e+01
1.574697714643086321e+01
1.581973481578600271e+01
1.589282865622978136e+01
1.596626022101426301e+01
1.604003107056820454e+01
1.611414277253019378e+01
1.618859690178198107e+01
1.626339504048192097e+01
1.633853877809861643e+01
1.641402971144466960e+01
1.648986944471064575e+01
1.656605958949914026e+01
1.664260176485903742e+01
1.671949759731989715e+01
1.679674872092653715e+01
1.687435677727374994e+01
1.695232341554120126e+01
1.703065029252844198e+01
1.710933907269014398e+01
1.718839142817146026e+01
1.726780903884355567e+01
1.734759359233931164e+01
1.742774678408919087e+01
1.750827031735724759e+01
1.758916590327733331e+01
1.767043526088946237e+01
1.775208011717634449e+01
1.783410220710008076e+01
1.791650327363900885e+01
1.799928506782476845e+01
1.808244934877951238e+01
1.816599788375327051e+01
1.824993244816152327e+01
1.833425482562290298e+01
1.841896680799711561e+01
1.850407019542301512e+01
1.858956679635686982e+01
1.867545842761076003e+01
1.876174691439121034e+01
1.884843409033795680e+01
1.893552179756294507e+01
1.902301188668944221e+01
1.911090621689137947e+01
1.919920665593284426e+01
1.928791508020778167e+01
1.937703337477988441e+01
1.946656343342261763e+01
1.955650715865948897e+01
1.964686646180446061e+01
1.973764326300255689e+01
1.982883949127070977e+01
1.992045708453869679e+01
2.001249798969037030e+01
2.010496416260498265e+01
2.019785756819878841e+01
2.029118018046677463e+01
2.038493398252462541e+01
2.047912096665085357e+01
2.057374313432913127e+01
2.066880249629082655e+01
2.076430107255774260e+01
2.086024089248503444e+01
2.095662399480433180e+01
2.105345242766705738e+01
2.115072824868795465e+01
2.124845352498882178e+01
2.134663033324243742e+01
2.144526075971667467e+01
2.154434690031883903e+01
2.164389086064020873e+01
2.174389475600079180e+01
2.184436071149426795e+01
2.194529086203313639e+01
2.204668735239409116e+01
2.214855233726359884e+01
2.225088798128368950e+01
2.235369645909794656e+01
2.245697995539773828e+01
2.256074066496860908e+01
2.266498079273693378e+01
2.276970255381679209e+01
2.287490817355702433e+01
2.298059988758851091e+01
2.308677994187169347e+01
2.319345059274428067e+01
2.330061410696924540e+01
2.340827276178293204e+01
2.351642884494348706e+01
2.362508465477947084e+01
2.373424250023866833e+01
2.384390470093720538e+01
2.395407358720878221e+01
2.406475150015424092e+01
2.417594079169129984e+01
2.428764382460451188e+01
2.439986297259550341e+01
2.451260062033338727e+01
2.462585916350547066e+01
2.473964100886813711e+01
2.485394857429799131e+01
2.496878428884326695e+01
2.508415059277539783e+01
2.520004993764091950e+01
2.531648478631354848e+01
2.543345761304648889e+01
2.555097090352506939e+01
2.566902715491951525e+01
2.578762887593801523e+01
2.590677858688007973e+01
2.602647881969005184e+01
2.614673211801092023e+01
2.626754103723837375e+01
2.638890814457510814e+01
2.651083601908538157e+01
2.663332725174981519e+01
2.675638444552045314e+01
2.688001021537606761e+01
2.700420718837773393e+01
2.712897800372466506e+01
2.725432531281028403e+01
2.738025177927857712e+01
2.750676007908066723e+01
2.763385290053170351e+01
2.776153294436800323e+01
2.788980292380440318e+01
2.801866556459195579e+01
2.814812360507580635e+01
2.827817979625341849e+01
2.840883690183303401e+01
2.854009769829238152e+01
2.867196497493769769e+01
2.880444153396297224e+01
2.893753019050951281e+01
2.907123377272577613e+01
2.920555512182745872e+01
2.934049709215787161e+01
2.947606255124857810e+01
2.961225437988035125e+01
2.974907547214439774e+01
2.988652873550383404e+01
3.002461709085549302e+01
3.016334347259196491e+01
3.030271082866396881e+01
3.044272212064302252e+01
3.058338032378432203e+01
3.072468842709003312e+01
3.086664943337273925e+01
3.100926635931927677e+01
3.115254223555487201e+01
3.129648010670751290e+01
3.144108303147265104e+01
3.158635408267818079e+01
3.173229634734977012e+01
3.187891292677645083e+01
3.202620693657650719e+01
3.217418150676371624e+01
3.232283978181380490e+01
3.247218492073130136e+01
3.262222009711668846e+01
3.277294849923383424e+01
3.292437333007769240e+01
3.307649780744241497e+01
3.322932516398972780e+01
3.338285864731760455e+01
3.353710152002929590e+01
3.369205705980267140e+01
3.384772855945981718e+01
3.400411932703707407e+01
3.416123268585527484e+01
3.431907197459043601e+01
3.447764054734464167e+01
3.463694177371733218e+01
3.479697903887691979e+01
3.495775574363273819e+01
3.511927530450728341e+01
3.528154115380883127e+01
3.544455673970434617e+01
3.560832552629278780e+01
3.577285099367873045e+01
3.593813663804627367e+01
3.610418597173337218e+01
3.627100252330647834e+01
3.643858983763545467e+01
3.660695147596902643e+01
3.677609101601032648e+01
3.694601205199302285e+01
3.711671819475765943e+01
3.728821307182834488e+01
3.746050032748992464e+01
3.763358362286534486e+01
3.780746663599349233e+01
3.798215306190735419e+01
3.815764661271249025e+01
3.833395101766600988e+01
3.851107002325570505e+01
3.868900739327975202e+01
3.886776690892666863e+01
3.904735236885561278e+01
3.922776758927719953e+01
3.940901640403449591e+01
3.959110266468458406e+01
3.977403024058035186e+01
3.995780301895270981e+01
4.014242490499322003e+01
4.032789982193707345e+01
4.051423171114647204e+01
4.070142453219438039e+01
4.088948226294861144e+01
4.107840889965646625e+01
4.126820845702953733e+01
4.145888496832910874e+01
4.165044248545184047e+01
4.184288507901581511e+01
4.203621683844713885e+01
4.223044187206674138e+01
4.242556430717777260e+01
4.262158829015324102e+01
4.281851798652412100e+01
4.301635758106795038e+01
4.321511127789764117e+01
4.341478330055092272e+01
4.361537789208004057e+01
4.381689931514191727e+01
4.401935185208874657e+01
4.422273980505899260e+01
4.442706749606882966e+01
4.463233926710396560e+01
4.483855948021187743e+01
4.504573251759458685e+01
4.525386278170169163e+01
4.546295469532399380e+01
4.567301270168745475e+01
4.588404126454757659e+01
4.609604486828433778e+01
4.630902801799739166e+01
4.652299523960189020e+01
4.673795107992462761e+01
4.695390010680058879e+01
4.717084690917017298e+01
4.738879609717653807e+01
4.760775230226367682e+01
4.782772017727484126e+01
4.804870439655130809e+01
4.827070965603183339e+01
4.849374067335235594e+01
4.871780218794630457e+01
4.894289896114530336e+01
4.916903577628027477e+01
4.939621743878321070e+01
4.962444877628915663e+01
4.985373463873893485e+01
5.008407989848210917e+01
5.031548945038052523e+01
5.054796821191240497e+01
5.078152112327673251e+01
5.101615314749833630e+01
5.125186927053331232e+01
5.148867450137493762e+01
5.172657387216019487e+01
5.196557243827660244e+01
5.220567527846975509e+01
5.244688749495117719e+01
5.268921421350673029e+01
5.293266058360561033e+01
5.317723177850969307e+01
5.342293299538352613e+01
5.366976945540474730e+01
5.391774640387501449e+01
5.416686911033151830e+01
5.441714286865891381e+01
5.466857299720182084e+01
5.492116483887787837e+01
5.517492376129124665e+01
5.542985515684668485e+01
5.568596444286412606e+01
5.594325706169379231e+01
5.620173848083186385e+01
5.646141419303668130e+01
5.672228971644543094e+01
5.698437059469140564e+01
5.724766239702179860e+01
5.751217071841612238e+01
5.777790117970502592e+01
5.804485942768977935e+01
5.831305113526223494e+01
5.858248200152537777e+01
5.885315775191449461e+01
5.912508413831876908e+01
5.939826693920356604e+01
5.967271195973315656e+01
5.994842503189410365e+01
6.022541201461926619e+01
6.050367879391220072e+01
6.078323128297230227e+01
6.106407542232041408e+01
6.134621717992507683e+01
6.162966255132941029e+01
6.191441755977842831e+01
6.220048825634712131e+01
6.248788072006892946e+01
6.277660105806501889e+01
6.306665540567404094e+01
6.335804992658249546e+01
6.365079081295571228e+01
6.394488428556941528e+01
6.424033659394193307e+01
6.453715401646702787e+01
6.483534286054724305e+01
6.513490946272801807e+01
6.543586018883233635e+01
6.573820143409587047e+01
6.604193962330305112e+01
6.634708121092347710e+01
6.665363268124913532e+01
6.696160054853220345e+01
6.727099135712337841e+01
6.758181168161111430e+01
6.789406812696108773e+01
6.820776732865685688e+01
6.852291595284061998e+01
6.883952069645496863e+01
6.915758828738525210e+01
6.947712548460236803e+01
6.979813907830660469e+01
7.012063589007182429e+01
7.044462277299038533e+01
7.077010661181888906e+01
7.109709432312435240e+01
7.142559285543127601e+01
7.175560918936926669e+01
7.208715033782137027e+01
7.242022334607315770e+01
7.275483529196228005e+01
7.309099328602910361e+01
7.342870447166762915e+01
7.376797602527732067e+01
7.410881515641570161e+01
7.445122910795140569e+01
7.479522515621820844e+01
7.514081061116968385e+01
7.548799281653433013e+01
7.583677914997191749e+01
7.618717702322996388e+01
7.653919388230148968e+01
7.689283720758311347e+01
7.724811451403401463e+01
7.760503335133570602e+01
7.796360130405233235e+01
7.832382599179196347e+01
7.868571506936849858e+01
7.904927622696422418e+01
7.941451719029340950e+01
7.978144572076624286e+01
8.015006961565404708e+01
8.052039670825475071e+01
8.089243486805939654e+01
8.126619200091946027e+01
8.164167604921468069e+01
8.201889499202202671e+01
8.239785684528517606e+01
8.277856966198474709e+01
8.316104153230961060e+01
8.354528058382867073e+01
8.393129498166364044e+01
8.431909292866258454e+01
8.470868266557404525e+01
8.510007247122246099e+01
8.549327066268379838e+01
8.588828559546250574e+01
8.628512566366893566e+01
8.668379930019776225e+01
8.708431497690725109e+01
8.748668120479909760e+01
8.789090653419954435e+01
8.829699955494089636e+01
8.870496889654405948e+01
8.911482322840201675e+01
8.952657125996397269e+01
8.994022174092043542e+01
9.035578346138927941e+01
9.077326525210226293e+01
9.119267598459299506e+01
9.161402457138517264e+01
9.203731996618220990e+01
9.246257116405739396e+01
9.288978720164500658e+01
9.331897715733238385e+01
9.375015015145285702e+01
9.418331534647951742e+01
9.461848194722000471e+01
9.505565920101193456e+01
9.549485639791966207e+01
9.593608287093141485e+01
9.637934799615786119e+01
9.682466119303121843e+01
9.727203192450539859e+01
9.772146969725724830e+01
9.817298406188838555e+01
9.862658461312823022e+01
9.908228099003795819e+01
9.954008287621519457e+01
1.000000000000000000e+02
1.004620421346812691e+02
1.009262190987047347e+02
1.013925407558815266e+02
1.018610170155975823e+02
1.023316578330244937e+02
1.028044732093309221e+02
1.032794731918951499e+02
1.037566678745185982e+02
1.042360673976401699e+02
1.047176819485520269e+02
1.052015217616158509e+02
1.056875971184803973e+02
1.061759183483000157e+02
1.066664958279539235e+02
1.071593399822671131e+02
1.076544612842315303e+02
1.081518702552288147e+02
1.086515774652538369e+02
1.091535935331391585e+02
1.096579291267809850e+02
1.101645949633656443e+02
1.106736018095973435e+02
1.111849604819270922e+02
1.116986818467823213e+02
1.122147768207980221e+02
1.127332563710486539e+02
1.132541315152811450e+02
1.137774133221491439e+02
1.143031129114479256e+02
1.148312414543511153e+02
1.153618101736477968e+02
1.158948303439810559e+02
1.164303132920876749e+02
1.169682703970385234e+02
1.175087130904807537e+02
1.180516528568804944e+02
1.185971012337669492e+02
1.191450698119775922e+02
1.196955702359043414e+02
1.202486142037412122e+02
1.208042134677328363e+02
1.213623798344240612e+02
1.219231251649110845e+02
1.224864613750931284e+02
1.230524004359261596e+02
1.236209543736768524e+02
1.241921352701783405e+02
1.247659552630869797e+02
1.253424265461400751e+02
1.259215613694151585e+02
1.265033720395903174e+02
1.270878709202058161e+02
1.276750704319265708e+02
1.282649830528061159e+02
1.288576213185518782e+02
1.294529978227915308e+02
1.300511252173408536e+02
1.306520162124721196e+02
1.312556835771844135e+02
1.318621401394749171e+02
1.324713987866116724e+02
1.330834724654074819e+02
1.336983741824946605e+02
1.343161170046016650e+02
1.349367140588307166e+02
1.355601785329368170e+02
1.361865236756081288e+02
1.368157627967472081e+02
1.374479092677538290e+02
1.380829765218093144e+02
1.387209780541620319e+02
1.393619274224142259e+02
1.400058382468097591e+02
1.406527242105237860e+02
1.413025990599534509e+02
1.419554766050100909e+02
1.426113707194128324e+02
1.432702953409830968e+02
1.439322644719408117e+02
1.445972921792020429e+02
1.452653925946780475e+02
1.459365799155756065e+02
1.466108684046984365e+02
1.472882723907503362e+02
1.479688062686396961e+02
1.486524844997856292e+02
1.493393216124251808e+02
1.500293322019218181e+02
1.507225309310757098e+02
1.514189325304352849e+02
1.521185517986104117e+02
1.528214036025869405e+02
1.535275028780422701e+02
1.542368646296629038e+02
1.549495039314632265e+02
1.556654359271061310e+02
1.563846758302246087e+02
1.571072389247450474e+02
1.578331405652118065e+02
1.585623961771137829e+02
1.592950212572121984e+02
1.600310313738700074e+02
1.607704421673823560e+02
1.615132693503091161e+02
1.622595287078087836e+02
1.630092360979740249e+02
1.637624074521687305e+02
1.645190587753662328e+02
1.652792061464895710e+02
1.660428657187530348e+02
1.668100537200058113e+02
1.675807864530767120e+02
1.683550802961202635e+02
1.691329517029648741e+02
1.699144172034626763e+02
1.706994934038407052e+02
1.714881969870539251e+02
1.722805447131393919e+02
1.730765534195725763e+02
1.738762400216251365e+02
1.746796215127244807e+02
1.754867149648150075e+02
1.762975375287205679e+02
1.771121064345088598e+02
1.779304389918578124e+02
1.787525525904234485e+02
1.795784647002094800e+02
1.804081928719382688e+02
1.812417547374237756e+02
1.820791680099463576e+02
1.829204504846292991e+02
1.837656200388170475e+02
1.846146946324547571e+02
1.854676923084699354e+02
1.863246311931560797e+02
1.871855294965578196e+02
1.880504055128581626e+02
1.889192776207666498e+02
1.897921642839101537e+02
1.906690840512252976e+02
1.915500555573526924e+02
1.924350975230330221e+02
1.933242287555045209e+02
1.942174681489026398e+02
1.951148346846617301e+02
1.960163474319184616e+02
1.969220255479171442e+02
1.978318882784164146e+02
1.987459549580983946e+02
1.996642450109794424e+02
2.005867779508232900e+02
2.015135733815556307e+02
2.024446509976803839e+02
2.033800305846982326e+02
2.043197320195271516e+02
2.052637752709250947e+02
2.062121803999142173e+02
2.071649675602068896e+02
2.081221569986339262e+02
2.090837690555751180e+02
2.100498241653914135e+02
2.110203428568594290e+02
2.119953457536070971e+02
2.129748535745521281e+02
2.139588871343422625e+02
2.149474673437979391e+02
2.159406152103565546e+02
2.169383518385184288e+02
2.179406984302955834e+02
2.189476762856621690e+02
2.199593068030073653e+02
2.209756114795900999e+02
2.219966119119954726e+02
2.230223297965938798e+02
2.240527869300019290e+02
2.250880052095460542e+02
2.261280066337277219e+02
2.271728133026905141e+02
2.282224474186898249e+02
2.292769312865650022e+02
2.303362873142130240e+02
2.314005380130651872e+02
2.324697059985647911e+02
2.335438139906479194e+02
2.346228848142263530e+02
2.357069413996726723e+02
2.367960067833076323e+02
2.378901041078893286e+02
2.389892566231050068e+02
2.400934876860653162e+02
2.412028207618005808e+02
2.423172794237598282e+02
2.434368873543110396e+02
2.445616683452446694e+02
2.456916462982791245e+02
2.468268452255691159e+02
2.479672892502157424e+02
2.491130026067788492e+02
2.502640096417919437e+02
2.514203348142797836e+02
2.525820026962783516e+02
2.537490379733569057e+02
2.549214654451423030e+02
2.560993100258459663e+02
2.572825967447933522e+02
2.584713507469562614e+02
2.596655972934869965e+02
2.608653617622547927e+02
2.620706696483852625e+02
2.632815465648021700e+02
2.644980182427718773e+02
2.657201105324503487e+02
2.669478494034320875e+02
2.681812609453015739e+02
2.694203713681883414e+02
2.706652070033239852e+02
2.719157943036016150e+02
2.731721598441375818e+02
2.744343303228365016e+02
2.757023325609583821e+02
2.769761935036889327e+02
2.782559402207122616e+02
2.795415999067856205e+02
2.808331998823172739e+02
2.821307675939472119e+02
2.834343306151307615e+02
2.847439166467244718e+02
2.860595535175742157e+02
2.873812691851066461e+02
2.887090917359236073e+02
2.900430493863990478e+02
2.913831704832785476e+02
2.927294835042815748e+02
2.940820170587063558e+02
2.954407998880381570e+02
2.968058608665602378e+02
2.981772290019671914e+02
2.995549334359812974e+02
3.009390034449721156e+02
3.023294684405777843e+02
3.037263579703311507e+02
3.051297017182869240e+02
3.065395295056526379e+02
3.079558712914226248e+02
3.093787571730138097e+02
3.108082173869063922e+02
3.122442823092856656e+02
3.136869824566876446e+02
3.151363484866479325e+02
3.165924111983522380e+02
3.180552015332919495e+02
3.195247505759211890e+02
3.210010895543171614e+02
3.224842498408442566e+02
3.239742629528196858e+02
3.254711605531848022e+02
3.269749744511766494e+02
3.284857366030043977e+02
3.300034791125285665e+02
3.315282342319425197e+02
3.330600343624588504e+02
3.345989120549972995e+02
3.361449000108764835e+02
3.376980310825091465e+02
3.392583382740993443e+02
3.408258547423452001e+02
3.424006137971423982e+02
3.439826489022924534e+02
3.455719936762139355e+02
3.471686818926560818e+02
3.487727474814177526e+02
3.503842245290674100e+02
3.520031472796678713e+02
3.536295501355042461e+02
3.552634676578140898e+02
3.569049345675229574e+02
3.585539857459815494e+02
3.602106562357070061e+02
3.618749812411280686e+02
3.635469961293319443e+02
3.652267364308175388e+02
3.669142378402492568e+02
3.686095362172158048e+02
3.703126675869926885e+02
3.720236681413067572e+02
3.737425742391063750e+02
3.754694224073334681e+02
3.772042493416997218e+02
3.789470919074667563e+02
3.806979871402285767e+02
3.824569722466998769e+02
3.842240846055059365e+02
3.859993617679767226e+02
3.877828414589457111e+02
3.895745615775502984e+02
3.913745601980384095e+02
3.931828755705768117e+02
3.949995461220643165e+02
3.968246104569481645e+02
3.986581073580440489e+02
4.005000757873611406e+02
4.023505548869291033e+02
4.042095839796305654e+02
4.060772025700365475e+02
4.079534503452453009e+02
4.098383671757263187e+02
4.117319931161677005e+02
4.136343684063273258e+02
4.155455334718875520e+02
4.174655289253138903e+02
4.193943955667188561e+02
4.213321743847286598e+02
4.232789065573548442e+02
4.252346334528681950e+02
4.271993966306781090e+02
4.291732378422159968e+02
4.311561990318226094e+02
4.331483223376398541e+02
4.351496500925049986e+02
4.371602248248506726e+02
4.391800892596087920e+02
4.412092863191188030e+02
4.432478591240396213e+02
4.452958509942655496e+02
4.473533054498468005e+02
4.494202662119144520e+02
4.514967772036099518e+02
4.535828825510185993e+02
4.556786265841063823e+02
4.577840538376620998e+02
4.598992090522440321e+02
4.620241371751311021e+02
4.641588833612777307e+02
4.663034929742731265e+02
4.684580115873050090e+02
4.706224849841283344e+02
4.727969591600387957e+02
4.749814803228499613e+02
4.771760948938745628e+02
4.793808495089111830e+02
4.815957910192353211e+02
4.838209664925954598e+02
4.860564232142133960e+02
4.883022086877879815e+02
4.905583706365050602e+02
4.928249570040515550e+02
4.951020159556348972e+02
4.973895958790062650e+02
4.996877453854883697e+02
5.019965133110084139e+02
5.043159487171361093e+02
5.066461008921265829e+02
5.089870193519680015e+02
5.113387538414326059e+02
5.137013543351343969e+02
5.160748710385910272e+02
5.184593543892909793e+02
5.208548550577660308e+02
5.232614239486662200e+02
5.256791122018424858e+02
5.281079711934334000e+02
5.305480525369571296e+02
5.329994080844087421e+02
5.354620899273608075e+02
5.379361503980703674e+02
5.404216420705917017e+02
5.429186177618939837e+02
5.454271305329830284e+02
5.479472336900287246e+02
5.504789807854973560e+02
5.530224256192902885e+02
5.555776222398874324e+02
5.581446249454960480e+02
5.607234882852031888e+02
5.633142670601357622e+02
5.659170163246245693e+02
5.685317913873750513e+02
5.711586478126428119e+02
5.737976414214133456e+02
5.764488282925879048e+02
5.791122647641760750e+02
5.817880074344932382e+02
5.844761131633631521e+02
5.871766390733255321e+02
5.898896425508498851e+02
5.926151812475555971e+02
5.953533130814366814e+02
5.981040962380938026e+02
6.008675891719686888e+02
6.036438506075870691e+02
6.064329395408065011e+02
6.092349152400709045e+02
6.120498372476697568e+02
6.148777653810022912e+02
6.177187597338494243e+02
6.205728806776503461e+02
6.234401888627860444e+02
6.263207452198686269e+02
6.292146109610343956e+02
6.321218475812455608e+02
6.350425168595965033e+02
6.379766808606278801e+02
6.409244019356450508e+02
6.438857427240419611e+02
6.468607661546326426e+02
6.498495354469891936e+02
6.528521141127844203e+02
6.558685659571428914e+02
6.588989550799950621e+02
6.619433458774394694e+02
6.650018030431122043e+02
6.680743915695611577e+02
6.711611767496279981e+02
6.742622241778341277e+02
6.773775997517751648e+02
6.805073696735209978e+02
6.836516004510234552e+02
6.868103588995300015e+02
6.899837121430018669e+02
6.931717276155407035e+02
6.963744730628226307e+02
6.995920165435370564e+02
7.028244264308344782e+02
7.060717714137772418e+02
7.093341204987996207e+02
7.126115430111748310e+02
7.159041085964885269e+02
7.192118872221185484e+02
7.225349491787214902e+02
7.258733650817252965e+02
7.292272058728316324e+02
7.325965428215226893e+02
7.359814475265764031e+02
7.393819919175866744e+02
7.427982482564918882e+02
7.462302891391111643e+02
7.496781874966873147e+02
7.531420165974367364e+02
7.566218500481054434e+02
7.601177617955330561e+02
7.636298261282246358e+02
7.671581176779299085e+02
7.707027114212295373e+02
7.742636826811270794e+02
7.778411071286491278e+02
7.814350607844546630e+02
7.850456200204505421e+02
7.886728615614148339e+02
7.923168624866253822e+02
7.959777002314986021e+02
7.996554525892350966e+02
8.033501977124730047e+02
8.070620141149499887e+02
8.107909806731686331e+02
8.145371766280745760e+02
8.183006815867394153e+02
8.220815755240537328e+02
8.258799387844263720e+02
8.296958520834907631e+02
8.335293965098195486e+02
8.373806535266493256e+02
8.412497049736114150e+02
8.451366330684712693e+02
8.490415204088745895e+02
8.529644499741025356e+02
8.569055051268351235e+02
8.608647696149239437e+02
8.648423275731718149e+02
8.688382635251184638e+02
8.728526623848379131e+02
8.768856094587430334e+02
8.809371904473986206e+02
8.850074914473429999e+02
8.890965989529158833e+02
8.932045998580969126e+02
8.973315814583525025e+02
9.014776314524913232e+02
9.056428379445285373e+02
9.098272894455558344e+02
9.140310748756231760e+02
9.182542835656286115e+02
9.224970052592169623e+02
9.267593301146873728e+02
9.310413487069075700e+02
9.353431520292386949e+02
9.396648314954695707e+02
9.440064789417598377e+02
9.483681866285918431e+02
9.527500472427290106e+02
9.571521538991864873e+02
9.615746001432100911e+02
9.660174799522645799e+02
9.704808877380301055e+02
9.749649183484086734e+02
9.794696670695395824e+02
9.839952296278231643e+02
9.885417021919573699e+02
9.931091813749795847e+02
9.976977642363201539e+02
