8.297410484940255572e-06
8.104654610701877735e-06
8.191950785563990289e-06
8.167601376189216429e-06
8.307036619678291492e-06
8.422545865680890054e-06
8.313952814893920960e-06
8.413256391643327746e-06
8.365626454276987856e-06
8.377860034886041722e-06
8.084379299387724698e-06
8.197963317430313838e-06
8.220687562019155973e-06
8.147920374741997426e-06
8.372121212076522794e-06
8.179961917384105148e-06
8.186511883841335278e-06
8.078213039058095851e-06
8.111568920158395473e-06
8.273442082715942988e-06
8.104774747176036185e-06
8.279202390258216996e-06
8.353865640391789637e-06
8.132866399532058101e-06
8.200995522743714810e-06
8.237469897019734889e-06
8.256948923044860771e-06
8.130198849880929568e-06
8.179484700578314472e-06
8.301070523988598340e-06
8.322831792364335430e-06
8.182002572020642388e-06
8.290814953344508441e-06
8.162559604965269425e-06
8.222265043540463313e-06
8.347080151081318322e-06
8.312929325584706875e-06
8.335887091607709681e-06
8.254289469951854675e-06
8.142485307018644604e-06
8.321641124892833471e-06
8.136060961093057649e-06
8.263139090738262749e-06
8.147028417049892091e-06
8.156072152132778688e-06
8.250937521600371988e-06
8.224099991457506454e-06
8.255088295581940812e-06
8.131995927532870513e-06
8.167254858959767177e-06
8.161941842463634177e-06
8.383298326485918154e-06
8.237108336924388275e-06
8.126909929648454522e-06
8.309957773124537647e-06
8.111159118081230125e-06
8.297541749361329329e-06
8.225138463831044891e-06
8.388881990097286340e-06
8.184999407494361942e-06
8.161960179906092768e-06
8.137664559139673939e-06
8.389500295948580134e-06
8.338308238265900463e-06
8.322508399218458286e-06
8.171371585110107473e-06
8.230427335793938972e-06
8.125343341163579361e-06
8.234072068755329319e-06
8.231142200880002473e-06
8.202702343760441583e-06
8.378614654682501592e-06
8.288528219752222336e-06
8.267974133804588499e-06
8.315263869936159388e-06
8.302125953237636058e-06
8.182953325251145514e-06
8.216739843776565142e-06
8.185660286068085749e-06
8.208431989710604677e-06
8.181605068014038626e-06
8.133779349554906001e-06
8.308791359891305311e-06
8.311336836119664315e-06
8.342904164770990200e-06
8.118720869886882543e-06
8.222451725116683609e-06
8.260296235689645257e-06
8.365763201244024515e-06
8.223822759284663223e-06
8.220179554403405194e-06
8.200467346293188183e-06
8.318454082108217077e-06
8.364041696132615226e-06
8.266132172556436868e-06
8.294397500396848047e-06
8.298762375479470257e-06
8.297469486715458475e-06
8.155294657760650063e-06
8.238061899021517089e-06
8.276077024109856713e-06
8.155281846905427484e-06
8.343765945543128620e-06
8.311130414602250943e-06
8.329689826758457225e-06
8.345835412683431836e-06
8.310386512728932279e-06
8.133618776950685074e-06
8.372992396657564460e-06
8.338534318598283144e-06
8.317290834091618863e-06
8.223619712069354061e-06
8.298981869653259609e-06
8.206203563544139679e-06
8.333152599676535170e-06
8.321375254475696967e-06
8.137797924585078610e-06
8.193693200970345597e-06
8.364393096849135560e-06
8.256639810349691684e-06
8.323299095142949725e-06
8.355705310431921042e-06
8.149230103648489568e-06
8.269324257440298709e-06
8.222310298352107269e-06
8.138046246979394648e-06
8.300381984651371777e-06
8.178149065647073981e-06
8.367195228552731524e-06
8.168086763574588331e-06
8.261483892937244525e-06
8.273399722089516036e-06
8.326554490768934723e-06
8.283555160141063762e-06
8.203778955803736983e-06
8.275233515875586121e-06
8.258798150153146822e-06
8.247961832149244759e-06
8.225611034130086123e-06
8.210744220282035618e-06
8.328322802809319520e-06
8.297058535548341789e-06
8.283337043624656911e-06
8.156982277637219475e-06
8.270699904091193195e-06
8.278005242036642162e-06
8.333777464479153127e-06
8.195519582616347568e-06
8.121425214576279773e-06
8.121635974103780738e-06
8.181450590120755616e-06
8.248203097193557807e-06
8.182138170443643832e-06
8.315225769030038552e-06
8.165304614586769787e-06
8.340028418755368890e-06
8.330887910052296361e-06
8.359954584190626463e-06
8.265501739041899708e-06
8.257626877092599674e-06
8.274444874866877098e-06
8.138131084710828941e-06
8.230674753477901950e-06
8.205457394112573928e-06
8.118860628212763034e-06
8.152728887141084520e-06
8.312242776843387280e-06
8.179932609178577674e-06
8.305302436633932870e-06
8.195371092390820242e-06
8.198313721508650948e-06
8.225737747776697552e-06
8.151528767761315400e-06
8.195075556826037917e-06
8.321094715072840001e-06
8.122293774648445020e-06
8.261476080110376929e-06
8.321323448605400484e-06
8.365968278434767979e-06
8.213110059528526898e-06
8.348475679746308195e-06
8.352646800756248610e-06
8.185047095664581030e-06
8.250156809192662447e-06
8.320629279185585362e-06
8.129757271954574977e-06
8.350715041328816681e-06
8.207574187829062774e-06
8.150221800860669123e-06
8.302269953787269548e-06
8.254969398731991376e-06
8.231519800143542143e-06
8.205155950463138452e-06
8.173338728463910670e-06
8.232807893345806197e-06
8.244734196703971602e-06
8.194223522677495731e-06
8.270332242385405180e-06
8.356191360539260701e-06
8.361954708215893633e-06
8.190112956502905203e-06
8.315918364267479865e-06
8.334786113605948033e-06
8.315557923504880334e-06
8.315557923504880334e-06
8.322854724758927176e-06
8.157400347369486482e-06
8.312023445709664131e-06
8.189549916725851671e-06
8.154399361099225595e-06
8.288498840162212267e-06
8.305779332354625745e-06
8.272264219762427370e-06
8.138349261536571171e-06
8.304736311860370733e-06
8.317703286413863961e-06
8.232372049057609979e-06
8.256621769107558306e-06
8.234013009954563284e-06
8.225355774737083762e-06
8.214769581800581853e-06
8.151044268208921140e-06
8.164979694646073530e-06
8.159889009282045717e-06
8.175239209213017269e-06
8.163814961670043759e-06
8.163814961670043759e-06
8.177824913156420651e-06
8.134951478116708856e-06
8.246993039739079271e-06
8.321369400434998456e-06
8.321369400434998456e-06
8.276998274763246142e-06
8.287120460585297149e-06
8.323527463439336723e-06
8.161714233659037791e-06
8.332575146673543560e-06
8.230483492293086165e-06
8.166164605867826849e-06
8.231724315081865421e-06
8.243901669858916801e-06
8.359215274054835723e-06
8.209186868219674936e-06
8.143309737355035221e-06
8.235195526814342154e-06
8.195367325182822190e-06
8.230380864124806965e-06
8.226855248968640869e-06
8.220057399467544846e-06
8.306104247037507284e-06
8.353006167247632130e-06
8.349173298989561438e-06
8.142946243297349783e-06
8.349377004701097709e-06
8.189320720677704580e-06
8.163477803491868550e-06
8.351410459427229999e-06
8.343562507120379142e-06
8.135456070021721700e-06
8.156646792820278864e-06
8.226735432228847271e-06
8.247507639288583799e-06
8.171021162591732658e-06
8.239718228225180021e-06
8.239718228225180021e-06
8.237611475604694208e-06
8.216104493495864189e-06
8.248634768810356437e-06
8.248634768810356437e-06
8.187800540738110052e-06
8.355449394581015372e-06
8.167778209736943236e-06
8.167257183337180878e-06
8.253596630227943244e-06
8.253596630227943244e-06
8.281827976856131671e-06
8.199852116742144422e-06
8.144443059010171942e-06
8.144443059010171942e-06
8.192842608330990953e-06
8.309830568744018038e-06
8.170568085913649040e-06
8.186853044602482513e-06
8.186853044602482513e-06
8.284351630064459122e-06
8.296690501644262436e-06
8.299093807760651642e-06
8.299093807760651642e-06
8.241134977666945166e-06
8.238234811207829195e-06
8.314240225966033947e-06
8.314240225966033947e-06
8.294815902310044613e-06
8.306139096221516399e-06
8.244766904046922702e-06
8.324272052640059512e-06
8.297845589277194582e-06
8.239271070910206699e-06
8.222792074284437171e-06
8.347207280879292659e-06
8.327727545274422774e-06
8.327727545274422774e-06
8.234330627476166680e-06
8.237815688595238301e-06
8.181594857959619745e-06
8.236234788218503588e-06
8.147009247023629964e-06
8.320866524702940294e-06
8.338226560671785909e-06
8.180283829155787092e-06
8.180283829155787092e-06
8.216041654888774196e-06
8.237670321908180406e-06
8.237670321908180406e-06
8.176002441249870494e-06
8.176002441249870494e-06
8.297877266581315438e-06
8.167923376841530896e-06
8.143661345483229247e-06
8.146606349472348889e-06
8.146606349472348889e-06
8.223543618977724790e-06
8.276643181752634012e-06
8.317861895783713809e-06
8.178015518112906161e-06
8.178015518112906161e-06
8.313970015586063481e-06
8.209532478578059536e-06
8.296448759968309686e-06
8.294390172314127332e-06
8.245219378672491694e-06
8.245219378672491694e-06
8.277713561929572839e-06
8.150769529086118541e-06
8.178287107095741021e-06
8.178287107095741021e-06
8.295677996592127967e-06
8.339462813475453191e-06
8.277284978894161721e-06
8.209061954673586590e-06
8.325306726544768165e-06
8.188325925219613557e-06
8.156520845240283638e-06
8.302012483080446059e-06
8.242657405089946689e-06
8.157106213492550285e-06
8.157106213492550285e-06
8.303970989743518041e-06
8.247418296055710518e-06
8.143918106934349658e-06
8.182994363528590308e-06
8.182994363528590308e-06
8.306529568374515309e-06
8.218300043268576355e-06
8.227425338522621450e-06
8.227425338522621450e-06
8.172369990762066728e-06
8.287463425360666258e-06
8.301202653160995150e-06
8.230632787125977571e-06
8.334561712866583974e-06
8.334561712866583974e-06
8.236207803887982386e-06
8.269371730728309971e-06
8.271233072355123019e-06
8.271233072355123019e-06
8.193290887579825872e-06
8.193290887579825872e-06
8.259288355365061100e-06
8.166241308216356964e-06
8.166241308216356964e-06
8.211567021630257718e-06
8.242611096626985739e-06
8.252175901427392590e-06
8.155266533839457209e-06
8.310437510422520358e-06
8.219230574336218887e-06
8.242694172392080870e-06
8.164687284871536741e-06
8.164687284871536741e-06
8.340343728672042526e-06
8.340343728672042526e-06
8.257825550428408605e-06
8.150667381236818444e-06
8.150667381236818444e-06
8.337814375644056936e-06
8.292378814176046503e-06
8.274105922268009056e-06
8.288957785317752799e-06
8.288957785317752799e-06
8.240883952622422224e-06
8.288014770212423260e-06
8.276775544264076403e-06
8.276775544264076403e-06
8.197094987689139620e-06
8.225821072498182718e-06
8.225821072498182718e-06
8.252636199147997940e-06
8.312492098747517968e-06
8.150944683619101201e-06
8.150944683619101201e-06
8.160078470245563380e-06
8.181304799824201242e-06
8.303763560288098742e-06
8.320464929405033732e-06
8.153507844351262895e-06
8.238701063969841435e-06
8.147512499508663663e-06
8.147512499508663663e-06
8.225791197763794406e-06
8.225791197763794406e-06
8.242257502716445931e-06
8.324402019871248872e-06
8.251749965780125817e-06
8.251749965780125817e-06
8.185883698612384277e-06
8.185883698612384277e-06
8.201500007730713174e-06
8.201500007730713174e-06
8.323897211325745351e-06
8.323897211325745351e-06
8.274812373838164351e-06
8.309735791049209391e-06
8.309735791049209391e-06
8.208589674797062326e-06
8.211267306104820581e-06
8.301285344631946533e-06
8.334404104431817234e-06
8.334404104431817234e-06
8.195266472111969758e-06
8.195266472111969758e-06
8.275265840652945467e-06
8.275265840652945467e-06
8.191851355965172141e-06
8.191851355965172141e-06
8.321685182802314814e-06
8.321685182802314814e-06
8.324124819921273677e-06
8.196548524129777780e-06
8.321556976152287921e-06
8.246175858591420655e-06
8.268180830668899389e-06
8.253982941588129636e-06
8.216526656704036999e-06
8.266615486908994499e-06
8.266615486908994499e-06
8.207741138897402754e-06
8.244532765147019257e-06
8.272569035976959980e-06
8.286298338449559644e-06
8.286298338449559644e-06
8.197624511606668455e-06
8.320726063213829241e-06
8.175957877025716482e-06
8.275556175754395459e-06
8.263825459043781969e-06
8.301023252359509454e-06
8.328992034393526331e-06
8.328992034393526331e-06
8.224142714532773878e-06
8.190859839224336157e-06
8.182747172083022820e-06
8.182747172083022820e-06
8.181948018741713589e-06
8.196357853915510792e-06
8.207276600263309506e-06
8.261110569065119994e-06
8.271593651933752686e-06
8.277407411982931371e-06
8.316212472383909663e-06
8.240604450802330123e-06
8.278492507454652185e-06
8.194521058931129772e-06
8.329944351727512487e-06
8.154568980522602760e-06
8.286141819218716966e-06
8.183045780687879574e-06
8.183045780687879574e-06
8.204018542876000055e-06
8.212593099402217407e-06
8.279836383614393085e-06
8.204349746019881756e-06
8.211581509455295478e-06
8.211581509455295478e-06
8.296396212929434125e-06
8.296396212929434125e-06
8.180285687666914477e-06
8.180285687666914477e-06
8.250901293690197588e-06
8.165978851468190557e-06
8.165978851468190557e-06
8.294539934768662253e-06
8.330217175410896139e-06
8.330217175410896139e-06
8.162031561638553981e-06
8.162031561638553981e-06
8.214632609512930231e-06
8.214632609512930231e-06
8.229222453689902350e-06
8.294061110762687616e-06
8.294061110762687616e-06
8.223316941084653366e-06
8.223316941084653366e-06
8.227213937229894725e-06
8.326603906872556183e-06
8.176028091349285564e-06
8.176028091349285564e-06
8.238957837964964141e-06
8.238957837964964141e-06
8.309852812394397364e-06
8.309852812394397364e-06
8.303754874578618805e-06
8.314511297171726166e-06
8.162034344088676745e-06
8.258171051611009014e-06
8.258171051611009014e-06
8.325705650849573756e-06
8.202423683036283566e-06
8.304195239175140401e-06
8.182244430926917267e-06
8.160918564102524102e-06
8.160918564102524102e-06
8.284320985255665701e-06
8.288627945330396824e-06
8.184531521196649332e-06
8.321334489075177899e-06
8.159610953319738853e-06
8.159868428202178968e-06
8.159868428202178968e-06
8.174157323835086293e-06
8.158487916311793362e-06
8.158487916311793362e-06
8.162780756586129942e-06
8.162780756586129942e-06
8.309476124287836215e-06
8.263069418558538132e-06
8.329596018178975100e-06
8.329596018178975100e-06
8.226420726476466760e-06
8.305546004854848466e-06
8.205924721569352533e-06
8.254481680900665328e-06
8.330500914190978656e-06
8.184830115738172323e-06
8.330249608773323980e-06
8.277613907258203491e-06
8.207190832589549066e-06
8.207446880409253486e-06
8.207446880409253486e-06
8.210902987747054638e-06
8.210902987747054638e-06
8.170469305262474221e-06
8.214044959447959913e-06
8.291448346884789199e-06
8.291448346884789199e-06
8.316454354276947724e-06
8.259547416301478849e-06
8.305508344619927450e-06
8.306320946782291630e-06
8.245304496966403466e-06
8.163270194264038305e-06
8.243510261461243100e-06
8.311338913844307583e-06
8.311338913844307583e-06
8.176449091073310346e-06
8.180252771326337381e-06
8.206011931475632772e-06
8.206011931475632772e-06
8.248558128735398919e-06
8.221229217712945676e-06
8.167285800085276608e-06
8.297414181254147202e-06
8.214539094396249231e-06
8.179428915512403214e-06
8.190194094028224747e-06
8.319036067889151620e-06
8.311080732349862638e-06
8.257391122543411135e-06
8.241785377213292442e-06
8.168237144549166242e-06
8.190432285661066524e-06
8.190432285661066524e-06
8.216130063411640532e-06
8.216130063411640532e-06
8.183783385614544083e-06
8.183783385614544083e-06
8.183019237498461579e-06
8.237665272213880207e-06
8.318680310362350968e-06
8.287170277342815943e-06
8.245032549998381702e-06
8.206972561372084885e-06
8.321625526413248456e-06
8.274228556740635603e-06
8.274228556740635603e-06
8.277874105523071177e-06
8.277874105523071177e-06
8.319873366199008599e-06
8.323337830432204286e-06
8.325917992927422541e-06
8.325917992927422541e-06
8.258423908086280792e-06
8.238909532962964088e-06
8.317589731138168768e-06
8.244861964024900356e-06
8.244861964024900356e-06
8.172362313269264863e-06
8.172362313269264863e-06
8.167003458202794463e-06
8.176207941863224477e-06
8.176207941863224477e-06
8.173758901810842069e-06
8.307050823013715650e-06
8.277138596695290121e-06
8.173527692096217695e-06
8.245349188725816376e-06
8.169639195162461425e-06
8.293664209779096644e-06
8.317338074970919792e-06
8.231662301446520871e-06
8.231662301446520871e-06
8.179742200570473714e-06
8.172403640006842715e-06
8.217571093303209802e-06
8.191714667441204862e-06
8.264264245291149378e-06
8.279302266032483756e-06
8.210254248410005484e-06
8.263804726468394787e-06
8.279046652936061286e-06
8.166019759608220089e-06
8.282036751793411187e-06
8.234021391345737302e-06
8.210128859743579032e-06
8.221835499275902262e-06
8.221835499275902262e-06
8.216491147658871555e-06
8.216491147658871555e-06
8.192979960303205920e-06
8.229466349625103912e-06
8.165582663859921941e-06
8.165582663859921941e-06
8.317946896515825578e-06
8.317946896515825578e-06
8.192623444644786938e-06
8.251313779463989611e-06
8.176796823171554897e-06
8.296855777730959908e-06
8.273794499389801110e-06
8.252086491077514064e-06
8.288448030058424178e-06
8.220627307121657401e-06
8.199454305353082889e-06
8.171748557471760825e-06
8.323686724290839078e-06
8.187021563259266730e-06
8.269878395310156243e-06
8.225569009502942106e-06
8.262478406681081301e-06
8.301830138937202705e-06
8.301830138937202705e-06
8.228518427954301310e-06
8.219589498283438251e-06
8.308134479108949134e-06
8.308134479108949134e-06
8.202126408924201751e-06
8.316910002552095664e-06
8.180196040614929061e-06
8.260801984534521159e-06
8.319676665464638754e-06
8.275698960622398812e-06
8.238722968099140850e-06
8.321697843457067655e-06
8.238071839626996627e-06
8.238071839626996627e-06
8.310776644089022837e-06
8.310776644089022837e-06
8.321179059737705139e-06
8.223222517618897901e-06
8.248679979822653446e-06
8.246438549080498955e-06
8.298225007399347440e-06
8.298225007399347440e-06
8.257238085036744597e-06
8.169180789629930934e-06
8.169180789629930934e-06
8.248281394379822630e-06
8.248281394379822630e-06
8.173221079529145575e-06
8.173221079529145575e-06
8.282276483357306257e-06
8.280960857961930204e-06
8.223875972304601332e-06
8.219735910032855008e-06
8.277258757363409886e-06
8.310548989447855150e-06
8.180369782503975635e-06
8.229260018050100884e-06
8.229260018050100884e-06
8.194138947151679848e-06
8.194138947151679848e-06
8.304675699579993446e-06
8.268407041409146481e-06
8.258715473765136642e-06
8.250356754236643495e-06
8.312613845111494919e-06
8.196554696879909254e-06
8.240013262928103238e-06
8.307776559351164283e-06
8.298499330714814644e-06
8.217649144383719763e-06
8.172791807955423889e-06
8.172791807955423889e-06
8.184849500151183905e-06
8.192248498097886149e-06
8.303224663708194686e-06
8.281931918345671832e-06
8.261875223522412710e-06
8.261875223522412710e-06
8.285856252869835774e-06
8.203022647234137432e-06
8.262833573355936404e-06
8.318018342521361975e-06
8.256257635753256870e-06
8.247846758882596089e-06
8.280299248609075951e-06
8.206015386298572749e-06
8.170870428564437206e-06
8.257482682718004203e-06
8.223246734152158256e-06
8.239615048982926906e-06
8.250683523548851193e-06
8.250683523548851193e-06
8.206147615627990772e-06
8.204292396442014300e-06
8.259402082606098446e-06
8.198287009488563226e-06
8.213997300161442354e-06
8.243642302774608743e-06
8.262081498476551395e-06
8.213167075699598057e-06
8.298715109363598546e-06
8.275662671748129176e-06
8.211498693642722976e-06
8.302776946367071425e-06
8.191421683989403120e-06
8.293298259323856700e-06
8.275307863441977167e-06
8.199022335703760712e-06
8.190599696246181382e-06
8.252990232036781288e-06
8.188813234955857830e-06
8.285573718001269363e-06
8.285573718001269363e-06
8.209467159806061866e-06
8.292767308069299185e-06
8.208892378338258761e-06
8.300026427676018251e-06
8.310916606862342869e-06
8.286977744684583222e-06
8.181413780822704193e-06
8.250346504255429291e-06
8.233379760915536817e-06
8.258124164562684580e-06
8.224035098826237866e-06
8.290949396154639135e-06
8.290949396154639135e-06
8.291641588140758276e-06
8.192846486838303429e-06
8.236411286415130952e-06
8.227742265402858524e-06
8.248895405974068489e-06
8.208181340066569273e-06
8.173302807683473291e-06
8.214735601943491539e-06
8.186458391121502468e-06
8.246310413469304227e-06
8.237105635357558535e-06
8.198568330014797503e-06
8.222956996101430657e-06
8.260204530654930365e-06
8.297071378519374217e-06
8.232182388410206827e-06
8.231879153842395431e-06
8.302155667303155753e-06
8.267591744877858976e-06
8.294180227933485884e-06
8.271015227973551248e-06
8.205340484554947110e-06
8.260156992138138339e-06
8.311750347799362111e-06
8.252127006372260044e-06
8.185995652822477419e-06
8.295826720750630213e-06
8.295826720750630213e-06
8.248340076490093666e-06
8.242227472509456611e-06
8.296075231857076755e-06
8.203129982078314115e-06
8.192493496410549282e-06
8.205121138473628459e-06
8.213060721135468845e-06
8.181628171960240976e-06
8.286193555766324244e-06
8.193050818158476115e-06
8.209378357200452746e-06
8.244789283870824844e-06
8.258608394569064438e-06
8.248545617813702707e-06
8.296705684178172941e-06
8.284361086217294779e-06
8.198358947534850892e-06
8.300106144124090964e-06
8.189612298525581239e-06
8.253342347544569992e-06
8.303195998746228045e-06
8.259160846127546333e-06
8.213770763014721391e-06
8.184565332112056087e-06
8.268547111755677919e-06
8.232066343817069068e-06
8.237410539321280773e-06
8.292299947084357829e-06
8.191959326446597835e-06
8.206231915677075927e-06
8.207932989862752113e-06
8.280765061916329326e-06
8.216506948929701060e-06
8.247114634784367469e-06
8.294925436975191075e-06
8.279431621299810826e-06
8.230315903229504831e-06
8.287032433261362011e-06
8.274239279463453428e-06
8.226902340663169597e-06
8.241096646474932723e-06
8.242217464072997593e-06
8.246247360870895333e-06
8.260941688419132651e-06
8.202503184395389406e-06
8.247517676574251470e-06
8.306623770102146087e-06
8.227162367485238225e-06
8.304506016110730580e-06
8.302860012785617076e-06
8.215968226679406318e-06
8.224127024978500450e-06
8.185229605720262320e-06
8.235619203947932218e-06
8.225326001498049048e-06
8.193277683303337337e-06
8.204246088774573141e-06
8.248714445929229125e-06
8.190833307972092501e-06
8.212231397116076742e-06
8.211333215214823171e-06
8.302783901053223620e-06
8.302387256613506656e-06
8.298077610875035116e-06
8.279197575918563674e-06
8.251809536206395032e-06
8.198150501050954574e-06
8.230599070017348754e-06
8.212717558175857281e-06
8.214029591300033389e-06
8.184791900528526345e-06
8.281951450404184992e-06
8.200127490105543735e-06
8.184343050423046188e-06
8.219199674487621086e-06
8.252689019605903702e-06
8.202199511747148737e-06
8.219013531308544092e-06
8.190841726891562690e-06
8.226363981036968138e-06
8.194570762704018099e-06
8.190146085159192153e-06
8.224171038631257382e-06
8.260468852879916489e-06
8.263462543043207918e-06
8.249853757496045638e-06
8.212686963418367768e-06
8.209744079833332036e-06
8.277338654076566872e-06
8.186399353438216485e-06
8.239128968713452114e-06
8.202917330101152494e-06
8.191646652028687192e-06
8.289697589411376008e-06
8.203700504067613599e-06
8.273958008562565437e-06
8.287516347708771721e-06
8.216737822704565198e-06
8.259536981670985271e-06
8.254578666744156595e-06
8.293476607033319563e-06
8.234859461831047674e-06
8.231719359255571783e-06
8.287331036052328611e-06
8.279094033003280473e-06
8.305039870414884464e-06
8.266192586999499456e-06
8.301383324291258114e-06
8.260208226390166356e-06
8.260981067721819679e-06
8.258060363053603710e-06
8.250430242287078140e-06
8.281906346098569439e-06
8.291797448665817893e-06
8.252250704702457625e-06
8.246299799141013141e-06
8.248707825672594362e-06
8.220286124520195914e-06
8.238700170602150617e-06
8.245002787586091627e-06
8.262110959342112057e-06
8.262110959342112057e-06
8.293073455019388807e-06
8.230219441033480776e-06
8.255958960215282336e-06
8.217462473398291220e-06
8.256887537712483127e-06
8.216162625328961815e-06
8.225364193470047460e-06
8.261584265495997730e-06
8.231838736878967379e-06
8.204329439807297059e-06
8.230037579977071168e-06
8.290908845645226822e-06
8.223781588000721309e-06
8.230913789611414834e-06
8.241635028380687534e-06
8.238041631296374792e-06
8.258912396468911826e-06
8.242720021345631342e-06
8.231025467016522861e-06
8.281531435864091377e-06
8.290026299733533114e-06
8.203398809130085955e-06
8.268976070605804486e-06
8.268976070605804486e-06
8.261929318860063159e-06
8.261929318860063159e-06
8.243610365020253780e-06
8.243610365020253780e-06
8.233368809373607235e-06
8.210895380034209326e-06
8.247444778839871734e-06
8.212473540387558107e-06
8.212681458425903015e-06
8.259015258671293210e-06
8.220657637033501296e-06
8.261913499654945770e-06
8.204391123900665219e-06
8.267903466876704239e-06
8.239197829096313886e-06
8.253752936144691886e-06
8.271506409994244924e-06
8.218742459272769749e-06
8.196715350291505336e-06
8.271074682997795233e-06
8.221685708678894180e-06
8.211466882417248431e-06
8.219213818557054557e-06
8.268226296470253614e-06
8.212206726712490190e-06
8.248399505678081096e-06
8.269736683889495528e-06
8.273946803887368808e-06
8.219920908351194147e-06
8.261605722999599701e-06
8.261605722999599701e-06
8.275801157350419534e-06
8.219993550972060697e-06
8.232343218737605406e-06
8.221157281764336798e-06
8.253859697571327633e-06
8.253859697571327633e-06
8.260067553809651952e-06
8.238258481382104207e-06
8.238258481382104207e-06
8.248292045077844999e-06
8.257123853091647401e-06
8.216155759831670656e-06
8.278513123375638656e-06
8.201360040546033694e-06
8.254336267258224194e-06
8.244470040643752835e-06
8.197219594658796584e-06
8.235376102235740159e-06
8.220312289461450731e-06
8.292039718395022131e-06
8.248829652503071610e-06
8.248829652503071610e-06
8.273321979673371978e-06
8.269777271914081779e-06
8.227843154734673043e-06
8.259931843930565533e-06
8.240602644716377468e-06
8.244707303602398759e-06
8.234392452965889913e-06
8.225181696202049679e-06
8.232047757193350135e-06
8.275809120356143975e-06
8.241040934740077252e-06
8.260412694713000387e-06
8.260412694713000387e-06
8.220965513061277206e-06
8.218929557158422854e-06
8.210256900192346695e-06
8.291810983446037907e-06
8.261449927337695688e-06
8.246367253148816117e-06
8.262676265036499794e-06
8.262676265036499794e-06
8.251168131553382291e-06
8.246670562766026852e-06
8.277163434610954965e-06
8.245238314399450704e-06
8.235490811654727655e-06
8.234958386139554142e-06
8.289421149787241051e-06
8.231256478730239980e-06
8.266914253493944223e-06
8.267151352929894736e-06
8.283215897616580818e-06
8.279785980810705693e-06
8.240936004995989519e-06
8.252786836293165827e-06
8.281576486278426590e-06
8.217534269466535794e-06
8.198005206243725836e-06
8.275114398524615475e-06
8.254338313407046199e-06
8.230516805315967100e-06
8.257167696633371462e-06
8.257167696633371462e-06
8.220036803204072110e-06
8.243082960393441645e-06
8.286368225748203914e-06
8.282325086705706385e-06
8.253811886570089373e-06
8.242702199860905561e-06
8.217802867292086432e-06
8.266453187402340738e-06
8.263072483377088853e-06
8.229303509233554142e-06
8.258607344155705375e-06
8.258607344155705375e-06
8.273873607270279922e-06
8.231818036584486931e-06
8.238655061745366051e-06
8.279010991464935126e-06
8.258178482023497178e-06
8.258178482023497178e-06
8.200421360980655633e-06
8.244234588961736759e-06
8.194625721679697235e-06
8.245118534392296267e-06
8.245118534392296267e-06
8.266679875061395418e-06
8.208603035147218305e-06
8.228548988660449703e-06
8.228548988660449703e-06
8.255625539203352063e-06
8.255625539203352063e-06
8.200763953932382853e-06
8.219630321275997451e-06
8.219630321275997451e-06
8.234201275285729142e-06
8.234201275285729142e-06
8.221396522876089197e-06
8.237387382886366058e-06
8.240220329470164114e-06
8.198388243543169995e-06
8.191308223151398356e-06
8.233701863860317096e-06
8.279424202912269944e-06
8.230895692841885827e-06
8.218000525831563611e-06
8.209694921029173548e-06
8.228640455826762793e-06
8.213178525708778865e-06
8.213178525708778865e-06
8.294450762813604646e-06
8.269664825141385451e-06
8.269664825141385451e-06
8.214947500668017452e-06
8.214947500668017452e-06
8.281982804328546667e-06
8.293135818135601050e-06
8.273810716743954755e-06
8.289808040316635492e-06
8.262001513918325733e-06
8.259370297267331433e-06
8.275132982590918324e-06
8.254309202320713810e-06
8.214932728209848215e-06
8.295624861972136440e-06
8.228812784490361447e-06
8.230889663165178759e-06
8.272421798317278497e-06
8.221822325980009691e-06
8.268740866005548843e-06
8.215016753168297200e-06
8.234612871005480834e-06
8.248772860410146830e-06
8.248772860410146830e-06
8.255993994392882941e-06
8.229404835746724977e-06
8.229404835746724977e-06
8.205785301274388913e-06
8.266147658781770985e-06
8.256221947487888362e-06
8.261056883494033622e-06
8.261056883494033622e-06
8.274598579961397191e-06
8.281398384986362338e-06
8.208258170499545649e-06
8.249348185777420956e-06
8.252616096243705279e-06
8.238428398668391653e-06
8.234351101745434584e-06
8.216286960371423662e-06
8.186821871913208608e-06
8.207003880208167706e-06
8.264921363565208088e-06
8.211911051027951722e-06
8.239109916797941879e-06
8.239109916797941879e-06
8.247992906329105282e-06
8.220822479440906950e-06
8.282881311352136586e-06
8.261159580421138969e-06
8.206325956456035999e-06
8.253963995072752534e-06
8.219355905223702305e-06
8.257972465348179593e-06
8.234656722507344400e-06
8.254738604943734242e-06
8.222589583838561627e-06
8.217091648286034395e-06
8.225887151966484038e-06
8.205490494598823570e-06
8.210310787007844624e-06
8.219557663338288326e-06
8.210435840702894810e-06
8.233921283393913807e-06
8.216602322236173943e-06
8.249311791358756617e-06
8.226772300253461532e-06
8.250930244558099929e-06
8.233731261498359715e-06
8.233145787707468353e-06
8.218541308170057626e-06
8.257163453177109291e-06
8.267976328084485578e-06
8.243933607029825305e-06
8.196317675166509359e-06
8.255798101447109309e-06
8.230008263010126266e-06
8.230008263010126266e-06
8.195122041971996052e-06
8.233789657440861921e-06
8.266672079412930280e-06
8.276550736769574011e-06
8.252806931409200603e-06
8.233784678042544298e-06
8.256054742729511333e-06
8.209915184808919825e-06
8.220635455629243923e-06
8.253933780202302815e-06
8.253933780202302815e-06
8.219131108281385598e-06
8.226440493088067662e-06
8.226440493088067662e-06
8.302203072159881732e-06
8.261558066008990357e-06
8.216202867527656339e-06
8.243889385867697901e-06
8.240888152395702833e-06
8.270814788042271537e-06
8.266694660547780111e-06
8.266694660547780111e-06
8.220308446533680972e-06
8.285343864462694271e-06
8.244479837889736142e-06
8.244479837889736142e-06
8.226498107379834926e-06
8.226498107379834926e-06
8.211718787764893775e-06
8.226430756890962506e-06
8.262334780996707088e-06
8.215341109186447916e-06
8.215341109186447916e-06
8.195655968192745405e-06
8.218362243569760415e-06
8.269744168718114446e-06
8.249171016743963902e-06
8.255820925676090051e-06
8.255820925676090051e-06
8.219722960538411951e-06
8.219722960538411951e-06
8.235790073597485902e-06
8.287774645932444268e-06
8.205194104449961285e-06
8.236526445964199565e-06
8.236526445964199565e-06
8.189354340732161582e-06
8.283750123436641052e-06
8.262201724045667114e-06
8.245404928242214105e-06
8.227393882687243393e-06
8.284701850122599758e-06
8.285981786156780451e-06
8.219871543173121322e-06
8.254138908789938257e-06
8.263047162671358420e-06
8.218896986112417434e-06
8.256904144145280004e-06
8.271432258389102408e-06
8.271432258389102408e-06
8.271949517339636813e-06
8.266335916060985742e-06
8.251718633240699930e-06
8.232727178371752685e-06
8.249895388009601319e-06
8.232110718822541464e-06
8.224051256983930369e-06
