8.697804135059574548e+01
8.832083390530836198e+01
8.812907933133965344e+01
8.714221646596101323e+01
8.924279309830694729e+01
8.841036822172659981e+01
8.776425707001808973e+01
8.874403166724985681e+01
8.759243548822369974e+01
8.822729435819337596e+01
8.737325454901457533e+01
8.754878863041193426e+01
8.676720232411514644e+01
8.802773525537645583e+01
8.819417217186841640e+01
8.867738947713669972e+01
8.788062852944017322e+01
8.762154719904265221e+01
8.721795587630577984e+01
8.890545775469040279e+01
8.694079988230522815e+01
8.851021814824345313e+01
8.757105311249453905e+01
8.787905181457225012e+01
8.873936166089289657e+01
8.711198777421583372e+01
8.783329327371899353e+01
8.774744324716192523e+01
8.679876918639729411e+01
8.758197562570558148e+01
8.853551127161551904e+01
8.709568806382516470e+01
8.878868751741643450e+01
8.847783180142272386e+01
8.845585273649901126e+01
8.824107607185064239e+01
8.724034906554045676e+01
8.777849568454711005e+01
8.732779170413387249e+01
8.729412590802344596e+01
8.883344193815207746e+01
8.733871766247744972e+01
8.743863822344334835e+01
8.787928368837856397e+01
8.694285895563956501e+01
8.864447114753900792e+01
8.726129465801807328e+01
8.714987791665521399e+01
8.720284822599516872e+01
8.792368259093863969e+01
8.686878149579229103e+01
8.795111152236998464e+01
8.804768124510061966e+01
8.749725563996062760e+01
8.879447619416085047e+01
8.782920369440800812e+01
8.750358415359787045e+01
8.708201110921193333e+01
8.824940028258029656e+01
8.850987452896427499e+01
8.779107343500837146e+01
8.800853965118858468e+01
8.820393746530879753e+01
8.896011960050455514e+01
8.828337198686440956e+01
8.690786517664641053e+01
8.834205944356864393e+01
8.721024519023596611e+01
8.812609519703198657e+01
8.865447759701787334e+01
8.846517580435892114e+01
8.864926887064751782e+01
8.737578373470870474e+01
8.724152584458609283e+01
8.876257422429557664e+01
8.788302793024558923e+01
8.705280192874411682e+01
8.832208237247186844e+01
8.816577569999999753e+01
8.807091444185132900e+01
8.712412942249957837e+01
8.723717348945611150e+01
8.749454034645829381e+01
8.871048586835777883e+01
8.886990690524167746e+01
8.773438865763641559e+01
8.801305461722733980e+01
8.772696250186778855e+01
8.788801209435112582e+01
8.707945931771368464e+01
8.723009444924203137e+01
8.698318084933950445e+01
8.862847755266022887e+01
8.819817485094031895e+01
8.884829958297409291e+01
8.812613346103859158e+01
8.889769838467354646e+01
8.769454048017674097e+01
8.746762394300225196e+01
8.847385700587338420e+01
8.872795712407560131e+01
8.789662989820939742e+01
8.771196377585658865e+01
8.860992207075187821e+01
8.855157437969381817e+01
8.844268327634362947e+01
8.861217625187647684e+01
8.774885111651695979e+01
8.826844039454296365e+01
8.762664996753557034e+01
8.746098749900217229e+01
8.824374651705952033e+01
8.805619102884287486e+01
8.766417956175712334e+01
8.814296587598258270e+01
8.796907061042261944e+01
8.805796188093464139e+01
8.775186613097632460e+01
8.830258741376415799e+01
8.881003660906432629e+01
8.830187265334770075e+01
8.873068537480190798e+01
8.817967864546220369e+01
8.819277853088800612e+01
8.752242917615123474e+01
8.799961327145149426e+01
8.831177021757299883e+01
8.722938813926695900e+01
8.844545755045531621e+01
8.800638629014335379e+01
8.751920542566310246e+01
8.836801112482808662e+01
8.757599541191443393e+01
8.855580419745842846e+01
8.713179027427507606e+01
8.796226675685672092e+01
8.879888103062742744e+01
8.719965870200572056e+01
8.731727728087086859e+01
8.853929876907287166e+01
8.882531021858103770e+01
8.794983037961766570e+01
8.736826647429656134e+01
8.737567103872979146e+01
8.763213882579502467e+01
8.756916020888543528e+01
8.766260085336681129e+01
8.854892726227932087e+01
8.738980837046831596e+01
8.777677688858327087e+01
8.827474250697538594e+01
8.876673504284150340e+01
8.845322289233357083e+01
8.796823440829507490e+01
8.830503523691655232e+01
8.770593536082030539e+01
8.763429505892028715e+01
8.857778102058249203e+01
8.835844026392156536e+01
8.874402452401525920e+01
8.841533574575220200e+01
8.790688236189615168e+01
8.739538389385712946e+01
8.832574303409869287e+01
8.748235101046203965e+01
8.820898525671984203e+01
8.858860187542660469e+01
8.713824358119653368e+01
8.745814856328624387e+01
8.725605535979050842e+01
8.853910431502168876e+01
8.792825593778208315e+01
8.720821825237166536e+01
8.812404199636031876e+01
8.765889256129884188e+01
8.772602051666949308e+01
8.723952201403851348e+01
8.831548398433980651e+01
8.843985642636654632e+01
8.732450565878185955e+01
8.807191324569576807e+01
8.861122511580020955e+01
8.772090347265263688e+01
8.795646996059156209e+01
8.874555661570927612e+01
8.782634833621024484e+01
8.802900200329304425e+01
8.854274611808797601e+01
8.786021674945142479e+01
8.746833680171502579e+01
8.723602281601235120e+01
8.866450775504276294e+01
8.750717459630364203e+01
8.765254825124857518e+01
8.865225755074899894e+01
8.865187150592052490e+01
8.825996851410467059e+01
8.749115896531941416e+01
8.810587663840840378e+01
8.818713065110637217e+01
8.781698603793222446e+01
8.874779580695158643e+01
8.818444107938040588e+01
8.876562441406227322e+01
8.876562441406227322e+01
8.765358326185193505e+01
8.801148966782213279e+01
8.782657317773012551e+01
8.805601750376715131e+01
8.810910466834745591e+01
8.773338877161521054e+01
8.794000818062116309e+01
8.730193128994247331e+01
8.781227984097422734e+01
8.763969969940940530e+01
8.855806705124891209e+01
8.795907542983087524e+01
8.847744501666649342e+01
8.746875711768073813e+01
8.772321952323633809e+01
8.757499893946351222e+01
8.810340911732507152e+01
8.743072908578015756e+01
8.814275864022117446e+01
8.745756260289840611e+01
8.792391168311375793e+01
8.792391168311375793e+01
8.821265267820581357e+01
8.749589745325491208e+01
8.724004741825015685e+01
8.842692704608532495e+01
8.842692704608532495e+01
8.735299922210963075e+01
8.830652342375140051e+01
8.795029669783019699e+01
8.719416249292393672e+01
8.863188554574071532e+01
8.808269482973689435e+01
8.821643612907229226e+01
8.822172824634844801e+01
8.738515329051693925e+01
8.838763840372601521e+01
8.771386328021065992e+01
8.744248619688509905e+01
8.752956504713058905e+01
8.791539359922903429e+01
8.851507078770690384e+01
8.724765628139667228e+01
8.836865616704371007e+01
8.786195147126528582e+01
8.814389929144569180e+01
8.797613540238829444e+01
8.790241437321186879e+01
8.818429111931362741e+01
8.804064218370854178e+01
8.790845083883863254e+01
8.826956240083660532e+01
8.858555525923961227e+01
8.748325698761154001e+01
8.724226634686698389e+01
8.722126981568484894e+01
8.736792628253637361e+01
8.816317613405043119e+01
8.782614847689261239e+01
8.782614847689261239e+01
8.829242751920278920e+01
8.723426473559045746e+01
8.865377898109983335e+01
8.865377898109983335e+01
8.725968469257902882e+01
8.836614008272131571e+01
8.790072616007421402e+01
8.821466393302399922e+01
8.761406811182628473e+01
8.761406811182628473e+01
8.794753045772733913e+01
8.831648478663419155e+01
8.733827272185757806e+01
8.733827272185757806e+01
8.828473379658197473e+01
8.790158518107202212e+01
8.813951502937784710e+01
8.834646122820717551e+01
8.834646122820717551e+01
8.793491174063325388e+01
8.852984078306978688e+01
8.764561556453027436e+01
8.764561556453027436e+01
8.862391995483841356e+01
8.860828776242733795e+01
8.864529762307529381e+01
8.864529762307529381e+01
8.753238984814264256e+01
8.824138773307947758e+01
8.794390128501156312e+01
8.838984771437672805e+01
8.751342076645207158e+01
8.756431024056030310e+01
8.756174973722615107e+01
8.847390680660313933e+01
8.815094367947624221e+01
8.815094367947624221e+01
8.742182331444379884e+01
8.823830133883681981e+01
8.803244602226511972e+01
8.780767275527762195e+01
8.785623285025906171e+01
8.853712091367381731e+01
8.828855901669723494e+01
8.828682049539040122e+01
8.828682049539040122e+01
8.806830663710637452e+01
8.759069264219161255e+01
8.759069264219161255e+01
8.728671550462195228e+01
8.728671550462195228e+01
8.811689690455922630e+01
8.724112000016151569e+01
8.770729698040713629e+01
8.784981254599581746e+01
8.784981254599581746e+01
8.724076981532363106e+01
8.850058283379611623e+01
8.787395886428089398e+01
8.726324559857683028e+01
8.726324559857683028e+01
8.865312648358353442e+01
8.721319200448901654e+01
8.866632739403344488e+01
8.859856796682824154e+01
8.792295360341164212e+01
8.792295360341164212e+01
8.748267293662199506e+01
8.785475732788761150e+01
8.762989241105640303e+01
8.762989241105640303e+01
8.840067529996818507e+01
8.841918222608745737e+01
8.855910301504736992e+01
8.808814263696707769e+01
8.777540838486763164e+01
8.730103564444962672e+01
8.759560605438484515e+01
8.866691863072333035e+01
8.806213678129462608e+01
8.802999541891334445e+01
8.802999541891334445e+01
8.794380346221838352e+01
8.745561586355921690e+01
8.774975199860527653e+01
8.774070313395027654e+01
8.774070313395027654e+01
8.786996261797425234e+01
8.762135166460988955e+01
8.814559297923325687e+01
8.814559297923325687e+01
8.767504205520933169e+01
8.802387922654715169e+01
8.772789243698952077e+01
8.774301422492760594e+01
8.791428674316304637e+01
8.791428674316304637e+01
8.790906478126298396e+01
8.831803661676845252e+01
8.817470259463020454e+01
8.817470259463020454e+01
8.806126788356901613e+01
8.806126788356901613e+01
8.737196856373576281e+01
8.772169130353665878e+01
8.772169130353665878e+01
8.761176788101282398e+01
8.855948160792139845e+01
8.860481736918339379e+01
8.776379730184709160e+01
8.782957969221735084e+01
8.812506972352693424e+01
8.742151149910907293e+01
8.808130106044241359e+01
8.808130106044241359e+01
8.841328440928624843e+01
8.841328440928624843e+01
8.822506954580518368e+01
8.754668020829537056e+01
8.754668020829537056e+01
8.811699716298090834e+01
8.792993238235499120e+01
8.840970483356188936e+01
8.855304868800297413e+01
8.855304868800297413e+01
8.814617187637347229e+01
8.763310611283637286e+01
8.745520867739924142e+01
8.745520867739924142e+01
8.744768467861200634e+01
8.730548642824001604e+01
8.730548642824001604e+01
8.770957567153909906e+01
8.855772668934399405e+01
8.782642097707200435e+01
8.782642097707200435e+01
8.792651897180307685e+01
8.740516102314288105e+01
8.775299026268280045e+01
8.839540394964954828e+01
8.777755211299113114e+01
8.854484436785968171e+01
8.759204554880462013e+01
8.759204554880462013e+01
8.797355077087172504e+01
8.797355077087172504e+01
8.781658727966816969e+01
8.795869940002125986e+01
8.798533741031209843e+01
8.798533741031209843e+01
8.803912646709110845e+01
8.803912646709110845e+01
8.811790664003376605e+01
8.811790664003376605e+01
8.783379686142845344e+01
8.783379686142845344e+01
8.746629530693417109e+01
8.832063554857504073e+01
8.832063554857504073e+01
8.819553500411218749e+01
8.726706718386043349e+01
8.835555513767538116e+01
8.820816163101666518e+01
8.820816163101666518e+01
8.729268647863905528e+01
8.729268647863905528e+01
8.749806091230711047e+01
8.749806091230711047e+01
8.826764754481989428e+01
8.826764754481989428e+01
8.783529785756451247e+01
8.783529785756451247e+01
8.838353451147747819e+01
8.755315869490526381e+01
8.804144380998511110e+01
8.737621257622066651e+01
8.809076830123396462e+01
8.855839853562163455e+01
8.756873626038401426e+01
8.745990095256858865e+01
8.745990095256858865e+01
8.737353001768698846e+01
8.804992788132591386e+01
8.855573055481124811e+01
8.794100757578790706e+01
8.794100757578790706e+01
8.828660099096977376e+01
8.801374847839078086e+01
8.731718837099198538e+01
8.748677577796283344e+01
8.849929841393390006e+01
8.859404357160804011e+01
8.808189497516129052e+01
8.808189497516129052e+01
8.739236442812686789e+01
8.791363120074123572e+01
8.781296547512840789e+01
8.781296547512840789e+01
8.803041399079540952e+01
8.736446295640415372e+01
8.830566153587571421e+01
8.855385419556623106e+01
8.755229492472150810e+01
8.816053946520959528e+01
8.799687062657793035e+01
8.760852717777147802e+01
8.851493049117301837e+01
8.734235154148161939e+01
8.828010547017986198e+01
8.777341948060958998e+01
8.793823123179981849e+01
8.809690912536972007e+01
8.809690912536972007e+01
8.729496917529849043e+01
8.735572799116359022e+01
8.856599427339186548e+01
8.787028780969878028e+01
8.785152994566333007e+01
8.785152994566333007e+01
8.765248460124941232e+01
8.765248460124941232e+01
8.796994647224295250e+01
8.796994647224295250e+01
8.739722583102813758e+01
8.764562764769179637e+01
8.764562764769179637e+01
8.802870788452473505e+01
8.802340168479420868e+01
8.802340168479420868e+01
8.749656965046816026e+01
8.749656965046816026e+01
8.732442067322844537e+01
8.732442067322844537e+01
8.779332671356324624e+01
8.829755880603170226e+01
8.829755880603170226e+01
8.807064878127327745e+01
8.807064878127327745e+01
8.747434675321757425e+01
8.841943952413568297e+01
8.746126114404086138e+01
8.746126114404086138e+01
8.760424251985219257e+01
8.760424251985219257e+01
8.775724167022400479e+01
8.775724167022400479e+01
8.784108293945153889e+01
8.851086160769304456e+01
8.783956194833331210e+01
8.780074141052823222e+01
8.780074141052823222e+01
8.806303325698442563e+01
8.751943222011210821e+01
8.841545066357288363e+01
8.798022581534773678e+01
8.776015275930294024e+01
8.776015275930294024e+01
8.829592635093756314e+01
8.785470143326567438e+01
8.810362685445782915e+01
8.845264265038775875e+01
8.766233586633232733e+01
8.751580489042308386e+01
8.751580489042308386e+01
8.778388629190008885e+01
8.772751503114804450e+01
8.772751503114804450e+01
8.751585511935030581e+01
8.751585511935030581e+01
8.808383123639697487e+01
8.823309657385691196e+01
8.831361509122065456e+01
8.831361509122065456e+01
8.779492815298024766e+01
8.850116618046089911e+01
8.734958221336603401e+01
8.765451586170132714e+01
8.829470881149096328e+01
8.758153515738401040e+01
8.818438371231995632e+01
8.850262212276111029e+01
8.810792407641910984e+01
8.771544750304335025e+01
8.771544750304335025e+01
8.772412995313779049e+01
8.772412995313779049e+01
8.770972692707903207e+01
8.773860162903565652e+01
8.793383496595494364e+01
8.793383496595494364e+01
8.802687600375691090e+01
8.784287419361992022e+01
8.774683025496828748e+01
8.838863160435289501e+01
8.798447120284644996e+01
8.762936072853176483e+01
8.823826605200446238e+01
8.831386882395412385e+01
8.831386882395412385e+01
8.751238608216759474e+01
8.749979151259746857e+01
8.740424034634251882e+01
8.740424034634251882e+01
8.826336245886321308e+01
8.751686081195018119e+01
8.776387041174454851e+01
8.844911387387014656e+01
8.834946697126645176e+01
8.740716119801034267e+01
8.818860521469432001e+01
8.793113429215790688e+01
8.837362711934798654e+01
8.748799284829699729e+01
8.822961780388581587e+01
8.746965045078549394e+01
8.772989967370523345e+01
8.772989967370523345e+01
8.735783770994653707e+01
8.735783770994653707e+01
8.753237843658324380e+01
8.753237843658324380e+01
8.766461929644785300e+01
8.777166130838679692e+01
8.802435157846493041e+01
8.837437941305520894e+01
8.789570096775028674e+01
8.737516940847838498e+01
8.815031584659215014e+01
8.790680179593525168e+01
8.790680179593525168e+01
8.841142752169722030e+01
8.841142752169722030e+01
8.795732807527170394e+01
8.804900260803277945e+01
8.810159495836161625e+01
8.810159495836161625e+01
8.827071899587565440e+01
8.820846278234454019e+01
8.834266360934610418e+01
8.747876587601322740e+01
8.747876587601322740e+01
8.760503609762886867e+01
8.760503609762886867e+01
8.785809493486500799e+01
8.801150090400113868e+01
8.801150090400113868e+01
8.756600387657164219e+01
8.834979431218032175e+01
8.762057615757922235e+01
8.758962175499412695e+01
8.845930891271960661e+01
8.761696705640123639e+01
8.772798507744900576e+01
8.806066290050729606e+01
8.786243689876053509e+01
8.786243689876053509e+01
8.769061391799827732e+01
8.792264501447016301e+01
8.829040636226139327e+01
8.743292118457796391e+01
8.818884309738805882e+01
8.772856457048206380e+01
8.782019554423712293e+01
8.751379238259306703e+01
8.835982132019714186e+01
8.761862398640404592e+01
8.764966514693308852e+01
8.788584377713006290e+01
8.815350207791991011e+01
8.745599927979522192e+01
8.745599927979522192e+01
8.765925481387884588e+01
8.765925481387884588e+01
8.772220613272304490e+01
8.757486409817859396e+01
8.758318953176474508e+01
8.758318953176474508e+01
8.797992264053388567e+01
8.797992264053388567e+01
8.791206311926131889e+01
8.832571567503259757e+01
8.745813218789731991e+01
8.842035033814163114e+01
8.771876541915858638e+01
8.846427774399317912e+01
8.833965197242898171e+01
8.745420310860717450e+01
8.741076729216722185e+01
8.793376609102848818e+01
8.813757978060287712e+01
8.765949562920928884e+01
8.811149975864636019e+01
8.793416073529454025e+01
8.769149920359856765e+01
8.787781145253180171e+01
8.787781145253180171e+01
8.750293830748337598e+01
8.833649211037332805e+01
8.829831572159579878e+01
8.829831572159579878e+01
8.789555942010207445e+01
8.798367148828296536e+01
8.763717862246832624e+01
8.807559596216924547e+01
8.807021802111998454e+01
8.759254076272040379e+01
8.839153913461046841e+01
8.817328104009766321e+01
8.812415538487928757e+01
8.812415538487928757e+01
8.818331111388521037e+01
8.818331111388521037e+01
8.812732011796667564e+01
8.784716003699767839e+01
8.747134186567656400e+01
8.748779401133222677e+01
8.845556192739579160e+01
8.845556192739579160e+01
8.788060095200678745e+01
8.759308011609583389e+01
8.759308011609583389e+01
8.782164834589021041e+01
8.782164834589021041e+01
8.786409924723399456e+01
8.786409924723399456e+01
8.770973303388615250e+01
8.792571464994955477e+01
8.771463749334037630e+01
8.764825207598285317e+01
8.846725959788585669e+01
8.790564770594373556e+01
8.767263989989851325e+01
8.742924001511592280e+01
8.742924001511592280e+01
8.742549883910433550e+01
8.742549883910433550e+01
8.839476411849364013e+01
8.847287150256801169e+01
8.752074403037259742e+01
8.825899083349032992e+01
8.800060095601220667e+01
8.776601306650341883e+01
8.810938977492260449e+01
8.807089911087602729e+01
8.824994143812470782e+01
8.801600643327832074e+01
8.780068565278811832e+01
8.780068565278811832e+01
8.795143230015628433e+01
8.812877108561517048e+01
8.784035314748282985e+01
8.837931616894385911e+01
8.840249174858278991e+01
8.840249174858278991e+01
8.837035591354879216e+01
8.743202205589048503e+01
8.842483121474182894e+01
8.808564041914821985e+01
8.817979884576887173e+01
8.827786326016611440e+01
8.812453617235584602e+01
8.772014606727324804e+01
8.772171844691911247e+01
8.754653811790724660e+01
8.824279900223598361e+01
8.837912155171387951e+01
8.810114029104691724e+01
8.810114029104691724e+01
8.818407498923414778e+01
8.805912337357160879e+01
8.757388429354855930e+01
8.763396080596785964e+01
8.821882448012567579e+01
8.811802875107385091e+01
8.844230249594720306e+01
8.743513835569677894e+01
8.787066993501967715e+01
8.782376654363034163e+01
8.822410397844731733e+01
8.787720556690304363e+01
8.809414553899496525e+01
8.820694068644500874e+01
8.765749095900591215e+01
8.744755281827238491e+01
8.775705504746134977e+01
8.838699376998080481e+01
8.806487955560189107e+01
8.835130129483708572e+01
8.835130129483708572e+01
8.755449652882356304e+01
8.778532363736289312e+01
8.809167163269468404e+01
8.838602886705336914e+01
8.831608002373808120e+01
8.771117287193236223e+01
8.752938787242371177e+01
8.812255835648230118e+01
8.824135027568745215e+01
8.761113641222964077e+01
8.829637238577107894e+01
8.774857835163672348e+01
8.774857835163672348e+01
8.827607100776694438e+01
8.749813167843426243e+01
8.788132607429666621e+01
8.829250034165312400e+01
8.825760043433001556e+01
8.816231369423681485e+01
8.768344658427668037e+01
8.760212510988829138e+01
8.801045343320922143e+01
8.794296162207383816e+01
8.803202127878039107e+01
8.750430540031354099e+01
8.748128159335675491e+01
8.810254363336869687e+01
8.808144660391947411e+01
8.747548446488251273e+01
8.827181698886131755e+01
8.818909218694869878e+01
8.837880414729136191e+01
8.779267938245797609e+01
8.789031144671693596e+01
8.746957088794114554e+01
8.782917505525524859e+01
8.824373814964525309e+01
8.780114578040816298e+01
8.766636547729818574e+01
8.789152553682521329e+01
8.789152553682521329e+01
8.830783220054293281e+01
8.834373788155724583e+01
8.825524681216532485e+01
8.806022066125207459e+01
8.807094356948057623e+01
8.800847224307821648e+01
8.756933715280031549e+01
8.768772392313081809e+01
8.840612866096664391e+01
8.786528838177881084e+01
8.821415834687135771e+01
8.788016140674837118e+01
8.823575580680085295e+01
8.797781218196325881e+01
8.811673456514171221e+01
8.794133278172677137e+01
8.786847798239321605e+01
8.786927693793980154e+01
8.753111911047307103e+01
8.836567990419622731e+01
8.827095404918122767e+01
8.782764983638516298e+01
8.817124100477745685e+01
8.758320347216545088e+01
8.765263670505983384e+01
8.775656003606286504e+01
8.777965018486975168e+01
8.826477612730316480e+01
8.759120160277124967e+01
8.748613116866401640e+01
8.747218657216323834e+01
8.795558393404434128e+01
8.817466444843864792e+01
8.815610377895022509e+01
8.823237546039335655e+01
8.817422020528402982e+01
8.788642282660389071e+01
8.829411417675437690e+01
8.836762573986933944e+01
8.763338655348326256e+01
8.828496669548282227e+01
8.763502440342776367e+01
8.831965252881245476e+01
8.799315065785071965e+01
8.762842754075094831e+01
8.793087593266945134e+01
8.827391416412152125e+01
8.752648791871875744e+01
8.797407874118728444e+01
8.817745820877368601e+01
8.769266418465888080e+01
8.763984365207917904e+01
8.782742852822669022e+01
8.829022734065654276e+01
8.795663907959995242e+01
8.775116434818411904e+01
8.814697835342721532e+01
8.802272599476182791e+01
8.766377555604280758e+01
8.800328844577020959e+01
8.799478417391878793e+01
8.795618011931429692e+01
8.806255887106166824e+01
8.791354689053014226e+01
8.836062266141928490e+01
8.782788462419634357e+01
8.774508722107694325e+01
8.827120296380351760e+01
8.788210942571154760e+01
8.762582103675357814e+01
8.763967016105758034e+01
8.794513917286053584e+01
8.807446378381273178e+01
8.766430090464793068e+01
8.785445793601749642e+01
8.776467523219709221e+01
8.809611725203676258e+01
8.809792374463758335e+01
8.766405242551650190e+01
8.784744492911424629e+01
8.757301629751800931e+01
8.757825267868400942e+01
8.825764294831294876e+01
8.825605975382669044e+01
8.765554177705270433e+01
8.766287516653234491e+01
8.756868316217469328e+01
8.751096205130117767e+01
8.775266231100265202e+01
8.761716638549158631e+01
8.774502820946176485e+01
8.759665372973501007e+01
8.760234923231647031e+01
8.822685454555009699e+01
8.759709829136977532e+01
8.835897192008746970e+01
8.784396615083323923e+01
8.754780342236755075e+01
8.807048150471656811e+01
8.767383885589168813e+01
8.786522002961589806e+01
8.820038005704198270e+01
8.825118195181254066e+01
8.792012628600264179e+01
8.810415151986757110e+01
8.814798929449170828e+01
8.821696341770415017e+01
8.820926561882700412e+01
8.807347073260930870e+01
8.835583727908624496e+01
8.834110943552586548e+01
8.779392847439999059e+01
8.779916726474486666e+01
8.793223798028084559e+01
8.766505738714320728e+01
8.814982940298794745e+01
8.799723872550963222e+01
8.766490299681790077e+01
8.786170250753124833e+01
8.803053038402002528e+01
8.795197729545711240e+01
8.795197729545711240e+01
8.812313592409502405e+01
8.783088040368070892e+01
8.826522870033619483e+01
8.798532576794771387e+01
8.786613449585999547e+01
8.781607067578774206e+01
8.764682599936573126e+01
8.816778172300374194e+01
8.763263965094624552e+01
8.794435201169804373e+01
8.754190506051897103e+01
8.820714012024785688e+01
8.791018087041587137e+01
8.786011091972737574e+01
8.760958919535413258e+01
8.824801538423122338e+01
8.811657040568528032e+01
8.779051631384479037e+01
8.778433795244721694e+01
8.783860419038822442e+01
8.802080680672821700e+01
8.779108739784750526e+01
8.790147261635840437e+01
8.790147261635840437e+01
8.801571106719410409e+01
8.801571106719410409e+01
8.796458605427491761e+01
8.796458605427491761e+01
8.797403628412239129e+01
8.803961661473707068e+01
8.805666751441086149e+01
8.803978107100181205e+01
8.760072201197547770e+01
8.778991068232147654e+01
8.771471560004513890e+01
8.804210732286287566e+01
8.793297058516331788e+01
8.782478384733597920e+01
8.817501905535571893e+01
8.791930044253412291e+01
8.785913818409319731e+01
8.767144274004851923e+01
8.794717427164317769e+01
8.805218568190579731e+01
8.789441140974248867e+01
8.809096667838021233e+01
8.755688964473104363e+01
8.823723964464286951e+01
8.773307564784111889e+01
8.794126762964351940e+01
8.781977450022669984e+01
8.826211900603298943e+01
8.783979514381269382e+01
8.817399842900474027e+01
8.817399842900474027e+01
8.787925400266161091e+01
8.773577406013197333e+01
8.826049462820154190e+01
8.776542875458997628e+01
8.795672228752296462e+01
8.795672228752296462e+01
8.790208531439353123e+01
8.803123991940636017e+01
8.803123991940636017e+01
8.776310047306620277e+01
8.791070576632645839e+01
8.763192219729290855e+01
8.819114369550409549e+01
8.792745931329250197e+01
8.807420278431268912e+01
8.793280338468454715e+01
8.794003965223151909e+01
8.790473228516191284e+01
8.775237710622150189e+01
8.796212510222994752e+01
8.783419789612986506e+01
8.783419789612986506e+01
8.787175121441896408e+01
8.814275963514765522e+01
8.781736558679310178e+01
8.780852409858829333e+01
8.806746279516653431e+01
8.816028151085129139e+01
8.827293768494538995e+01
8.814187034153997047e+01
8.792430762832117352e+01
8.783697950866914539e+01
8.812333674932676786e+01
8.789798460749344144e+01
8.789798460749344144e+01
8.757942417929520218e+01
8.809674066177905161e+01
8.760749868436589338e+01
8.810223298430858563e+01
8.815098169165975150e+01
8.779009409064053671e+01
8.773891832504685340e+01
8.773891832504685340e+01
8.829552458965073924e+01
8.812210740994655112e+01
8.803879330882770660e+01
8.763719832997431070e+01
8.823932981819137922e+01
8.817502622531696943e+01
8.825159847916586386e+01
8.765264256788735509e+01
8.791305070743236172e+01
8.811971138655752611e+01
8.796736921681933552e+01
8.796538994809847622e+01
8.792417785017828180e+01
8.799386801695432325e+01
8.783269649789819766e+01
8.803761865372273121e+01
8.779859271231997297e+01
8.785309764714310177e+01
8.798433050121035137e+01
8.811835945334185283e+01
8.781923146968146909e+01
8.781923146968146909e+01
8.780381463669188236e+01
8.821424839409414176e+01
8.786442949595347329e+01
8.790386694312182669e+01
8.788472659620083505e+01
8.815079315591940201e+01
8.764030239208636885e+01
8.775516882504474836e+01
8.801228425580933390e+01
8.758540631152426670e+01
8.809055065652113115e+01
8.809055065652113115e+01
8.779226980616087417e+01
8.758649915415226417e+01
8.810750649238055132e+01
8.802119517575455632e+01
8.819193476553421362e+01
8.819193476553421362e+01
8.764434385955848938e+01
8.802573507899890615e+01
8.777007424178100337e+01
8.791380593595908977e+01
8.791380593595908977e+01
8.789423119279463492e+01
8.792080525292979587e+01
8.795929511013136448e+01
8.795929511013136448e+01
8.787380195651614656e+01
8.787380195651614656e+01
8.793996387980868690e+01
8.782810341177868452e+01
8.782810341177868452e+01
8.769360151163887451e+01
8.769360151163887451e+01
8.775126782293862959e+01
8.807041381840653571e+01
8.808388796335759707e+01
8.793192760471765723e+01
8.789462583259478379e+01
8.784620889190352955e+01
8.779307525943704604e+01
8.797911507869849856e+01
8.785821319348680447e+01
8.778858694302749655e+01
8.768410751619934729e+01
8.774294005450082068e+01
8.774294005450082068e+01
8.797569311121904434e+01
8.815335373660357732e+01
8.815335373660357732e+01
8.775080248527409310e+01
8.775080248527409310e+01
8.799884392243865250e+01
8.810219736890319098e+01
8.776112384015630141e+01
8.809753492784025752e+01
8.774968541285207380e+01
8.789450390748896780e+01
8.833141809888059015e+01
8.790583482651841507e+01
8.785100354383891386e+01
8.807860130323740577e+01
8.820581287401896020e+01
8.821024612606683490e+01
8.812759231025350459e+01
8.773168681782516387e+01
8.815547673743810719e+01
8.803811538097842515e+01
8.765845073854916336e+01
8.789624981721348718e+01
8.789624981721348718e+01
8.775060324708198323e+01
8.789920844299417979e+01
8.789920844299417979e+01
8.775922541452202097e+01
8.774871157327055471e+01
8.787948072216521211e+01
8.803096218485725899e+01
8.803096218485725899e+01
8.819435858964982344e+01
8.826103996205083035e+01
8.786344517989115843e+01
8.777327203985818471e+01
8.812143846249179546e+01
8.757959896115549725e+01
8.754755881764189951e+01
8.788013786053960530e+01
8.768317243242529457e+01
8.781873368499843480e+01
8.805035102583781281e+01
8.771525926530297568e+01
8.775322869398625869e+01
8.775322869398625869e+01
8.782231341114268730e+01
8.761800798135824664e+01
8.814195540006733154e+01
8.781560835303376678e+01
8.775162359064682960e+01
8.798481608087652717e+01
8.766141036224732375e+01
8.810447407625683525e+01
8.797327578374584789e+01
8.792158226131398635e+01
8.768694725864143891e+01
8.794348744168219412e+01
8.757845852422067878e+01
8.791086051461897455e+01
8.785063060034664773e+01
8.805838598802193928e+01
8.761635867383816390e+01
8.783321890252939568e+01
8.775596837550600071e+01
8.764344211460834799e+01
8.781994144562756333e+01
8.827220252713837567e+01
8.778527844623948795e+01
8.782614197923746246e+01
8.787353349065196539e+01
8.826619975210179803e+01
8.814735362145266606e+01
8.778835903528903373e+01
8.791535937427666170e+01
8.799114617288265094e+01
8.778176646554871354e+01
8.778176646554871354e+01
8.769357605016554658e+01
8.810146044253340847e+01
8.802444197875709619e+01
8.792753941236324522e+01
8.827815329605341788e+01
8.804024625102769619e+01
8.801905424203937400e+01
8.771367532243945675e+01
8.802620544184398454e+01
8.768359420267125870e+01
8.768359420267125870e+01
8.776155277398173382e+01
8.797181877235369996e+01
8.797181877235369996e+01
8.811928531626945471e+01
8.819695104157293031e+01
8.796632691110414726e+01
8.766713423669534677e+01
8.805380169515720468e+01
8.803301133272823620e+01
8.801631866085487843e+01
8.801631866085487843e+01
8.769369700635878928e+01
8.801240565830070750e+01
8.810454390418780690e+01
8.810454390418780690e+01
8.795049276602442490e+01
8.795049276602442490e+01
8.802216270406587739e+01
8.796191230091429247e+01
8.770288946024405163e+01
8.799302236915177389e+01
8.799302236915177389e+01
8.774205363135165214e+01
8.768603966570303498e+01
8.823309097387786437e+01
8.827900695465341130e+01
8.791506975740993823e+01
8.791506975740993823e+01
8.777853807304292388e+01
8.777853807304292388e+01
8.820128091142446181e+01
8.789648425696204015e+01
8.760373750757514699e+01
8.772979167671438461e+01
8.772979167671438461e+01
8.777236762819202909e+01
8.821139104557639143e+01
8.817603600038347622e+01
8.814580063178703995e+01
8.776578901807708633e+01
8.806421104673563605e+01
8.795400516712574301e+01
8.797731817968720236e+01
8.784357146470790667e+01
8.819890982508879063e+01
8.805332690273399976e+01
8.792001808456301148e+01
8.794586391719722940e+01
8.794586391719722940e+01
8.828959730845289755e+01
8.788469865504389134e+01
8.806696086403420054e+01
8.812739041391064632e+01
8.826608935664273758e+01
8.764947304232592273e+01
8.812762720604749234e+01
