8.48764       328.71338     
9.321054      363.15927     
10.230082     397.57233     
11.2280445    431.95657     
12.2351265    466.31528     
13.258895     500.65152     
14.306856     540.47296     
15.384306     586.2159      
16.491058     631.9326      
17.716276     677.6293      
19.065699     723.31177     
20.437576     768.9856      
21.828508     814.6563      
23.239098     860.32935     
24.671364     906.01        
26.230127     951.7035      
27.928059     997.4149      
29.66278      1048.7301     
31.437311     1105.9512     
33.55025      1163.2268     
35.558514     1220.5668     
37.11025      1277.9811     
38.69533      1335.4799     
40.320236     1393.0729     
42.07549      1450.7662     
43.96701      1514.2059     
45.899933     1583.5972     
47.87153      1652.9645     
49.979065     1722.2277     
52.22732      1791.3065     
54.51199      1860.121      
56.82945      1928.5908     
59.28174      2002.204      
61.8718       2081.193      
64.48734      2159.9553     
67.23198      2238.7173     
70.106544     2317.6265     
72.99376      2396.7156     
75.99679      2481.5522     
79.11369      2572.3467     
82.22394      2663.3352     
85.4315       2754.5034     
88.7398       2845.8364     
92.03718      2937.3196     
95.43268      3034.581      
98.93154      3137.806      
102.42382     3241.1611     
106.01861     3344.6262     
109.72164     3453.846      
113.5314      3568.9895     
117.454315    3684.1863     
121.48992     3799.4075     
125.64462     3920.295      
129.91649     4046.9966     
134.3097      4173.6406     
138.71297     4300.2246     
143.23509     4432.411      
147.88002     4570.3696     
152.64522     4708.258      
157.64424     4851.7305     
162.76878     5000.955      
168.01625     5150.0986     
173.39066     5304.8086     
178.88948     5465.249      
184.5167      5631.237      
190.26984     5802.9375     
196.26454     5974.535      
202.39041     6151.6606     
208.64505     6334.4756     
215.145       6522.8        
221.779       6716.794      
228.54462     6916.2773     
235.55936     7127.0205     
242.82489     7343.3984     
250.2287      7565.2256     
257.76834     7792.6655     
265.5626      8025.535      
273.6132      8269.585      
281.80615     8524.793      
290.13904     8785.555      
298.7319      9051.6875     
307.5865      9328.923      
316.7043      9617.238      
326.0871      9916.61       
335.7364      10227.013     
345.65378     10548.422     
355.84076     10886.355     
366.2988      11240.956     
377.02936     11606.472     
388.03384     11988.401     
399.31354     12386.894     
410.8697      12801.72      
422.82416     13238.539     
435.1822      13697.297     
447.8214      14177.941     
460.74274     14680.425     
473.9469      15204.697     
487.55698     15756.186     
501.5777      16335.037     
515.8843      16940.992     
530.6002      17585.113     
545.72986     18267.541     
561.2707      18988.004     
577.2266      19746.678     
593.5947      20548.738     
610.37823     21400.031     
627.5737      22300.336     
645.3092      23260.725     
663.459       24286.904     
682.0185      25379.004     
701.11523     26542.623     
720.7476      27783.717     
740.91345     29108.117     
761.48395     30527.484     
782.4522      32053.74      
803.9436      33693.727     
825.9537      35459.86      
848.4769      --            
871.6336      --            
