30.19342781220651815        73.662374169828286535       
33.63351828193015549        59.535877509954412388       
53.556679577940976104       49.44480044523205417        
64.55361503617727527        36.180419508525212338       
81.820056089756294355       35.433847968978644243       
91.08484826769838456        26.263645960920637372       
99.4762186532311203         25.911495928480945787       
112.845941899216004226      23.607685950402813965       
123.43163289142214325       17.787579426540074993       
156.97329712068980637       9.151173770307206686        
151.687012462363242         10.758572390444827568       
149.33046797664220307       7.3920321046892673517       
159.02942185160095652       7.234151860496855513        
154.036607262543454         7.6008860053358188735       
146.59746928084070322       3.8951759162382318816       
148.85323558024835063       3.5504086678167713995       
148.16322444786218894       1.2090204574842106037       
136.23572981377543425       7.201176142836587279        
121.64226237441858358       3.4553151496115239016       
103.108992485341887047      1.4917698597371102792       
101.707281500647232615      2.0557785751544559866       
81.07199509849801354        -2.3462859747770652879      
78.62258106326383307        4.6812724917399330853       
63.19429000698797643        1.0128038655362267152       
66.5265503580349043         1.3159424228188548248       
69.10674582520646101        1.0993151472062216035       
62.37581581190470767        -0.5675286472269126699      
66.588913948380147066       0.51070073983392569837      
64.068604909899846876       0.2147312179799569145       
62.24991124356129558        0.6071613263566502765       
60.762687832990010358       -0.40024500285297965208     
56.76439632781961816        -0.46733361142523074418     
59.957859715723588273       -0.16976558842838521731     
59.00126787918921478        -1.2487884594620224316      
59.647176548807596373       -0.112870788491179738916    
60.92402247452083044        -0.012301308217837891336    
51.402624079803380462       -0.88870973833289123624     
55.676164031119516083       0.6850288611059042695       
52.97960238478753245        0.98810283248376968093      
53.726595206589638457       0.41220992615017849848      
52.192954062398864305       0.80589907522983514343      
49.418067477053082386       0.053027334449629718195     
48.062240528548399517       1.3749531800168572201       
46.8698171705356991         0.41024889817283019273      
50.160223714312508564       -0.3687609120408022669      
40.825335917372864554       0.22683530852432299955      
36.872844791901314927       0.56933935919972398663      
43.990313495450273047       0.48076209745714141176      
43.491289745013028495       0.6829636499131351854       
39.286364382962607498       -0.18547534088209256158     
37.207688805512213612       0.9395619117756915657       
39.012866526353452232       -0.31023243470901893553     
33.858538363825770416       0.0826120998899017309       
33.95277275349973863        -0.35779803136719847182     
32.82327921634168184        0.06885049667658108322      
28.248491078574338378       0.27827452170862712459      
31.526200813329473206       0.43419825509262495076      
27.169572150588027298       0.26160953219028221868      
29.643385995734830232       -0.1887677803753302063      
28.559078582743529999       -0.22622693236785295571     
23.900275315371336681       -0.0905095528367105735      
24.637763055667481095       0.064732856918027198716     
22.182577109843970268       0.45000277198397518007      
24.637886216612754332       -0.23369813756522346581     
18.202586236705184997       -0.82021619411209684234     
17.29441601659169581        0.16566947730475223169      
18.29331053943886595        -0.20850348366922296397     
15.886516000747776183       -0.4086759622839220194      
17.792623535292577633       0.46168945689681687415      
12.77921937965452218        0.53203004266185160027      
13.895837369500830118       0.07747290718235573016      
12.643582579193819078       0.3032283240014500704       
11.715679884235279063       0.5383723400655574761       
9.765956140277384787        -0.3416451158080435175      
10.80786830259764842        0.5114494365572908876       
8.363987214735082628        -0.4147998978191444924      
9.101172862146594574        -0.21349207204229999816     
7.660613700734629776        -0.22005878624306077961     
7.4455317001462829876       -0.16563199441359530953     
5.7826269471141257175       0.09221521660430518144      
6.043054445230801194        0.13269078023518690807      
6.2168982496261107444       -0.27327632233781754635     
4.403362238344803784        0.19058579670641825535      
6.3019371061762231323       0.2670674255826393832       
4.1043316266810117854       -0.39334843921003795553     
4.1531009403931509606       -0.7909935710663870928      
4.2882802444179923913       0.5927024452578335522       
3.0687391119527598813       -0.22522162200502883895     
3.9914639155037708817       -0.24954619227630212008     
4.3635456215531043356       0.28594342512935606773      
2.2303783940182062453       -0.3645224620407503025      
2.0110459852729376266       0.12696598943579699302      
2.2673046984063275457       0.111618619651595225503     
3.162546892251827244        -0.2508398806260912236      
1.0695162869521254959       0.392568987293928626        
1.8723485578624805715       0.10325959853868095072      
1.8543335585262793382       -0.4143530825345585155      
1.4304840732355444373       0.18656772688437352805      
1.4641599743745913881       0.09014865987185354115      
1.3211089237382964102       -0.58792645215460039433     
1.4773255114906589063       0.118754641303043258866     
1.6676974760117798866       -0.69663029646885829674     
1.0337800542450996028       0.2880117118413995659       
0.9109338858846637247       0.28823113091963354856      
1.4113470699419326121       0.029130165247522674956     
1.5347121215615817591       -0.12692552713534298217     
0.49676386328105166237      -0.830998484138306133       
1.283995070017632452        0.08896323941152154736      
0.056684534588079894747     0.12585428532807361275      
0.48480388978888121681      0.1842520530906943437       
0.44648592481395784183      -0.124852338814455886403    
0.8828490269027376933       -0.028457779846153887079    
-0.018080549619180778602    0.110026702042165277335     
0.5477291598853268592       -0.9933110321550353486      
-0.20188814226434497709     -0.14847665179093600177     
0.65562182728109805066      -0.28175620174721856357     
1.1498785132689852441       -0.08569838348177630412     
0.115571539319344008634     --                          
0.023712887486332386456     --                          
