24.82918581215822124          70.06826321146166864          
35.337763836918409274         55.27346201291980487          
58.04742653186112275          44.215623570500105045         
73.67810365840742849          36.049240063035017514         
88.56172606320719175          29.539045952801382056         
103.46602103782616717         24.212126077516836823         
115.3167714566693011          26.132216722323458333         
122.261059021674054384        20.74904295659643724          
127.40906463458468398         16.552638409522312775         
152.52664803875596944         13.40671876691027224          
152.82487723867208229         10.916352574662053578         
149.80115197010825254         8.936722431616955375          
145.15935328112415559         7.3693937496454342702         
139.36781225857375226         6.1205860134581482604         
132.94918582000046188         5.0891140355505062516         
144.58598821098506212         4.2553840535002062295         
135.68830384775686933         3.5832466837161373332         
125.264878097247829375        3.7070086792278417478         
114.02208233920922714         2.9907975675561117867         
132.27484452030272656         2.4257470293505259671         
71.560406259500883706         1.9871452303771130853         
67.405847892394812976         1.643849792854676098          
65.754132991712164316         1.35161939483373402           
64.304514756048508424         1.1164731279478044481         
69.31079850036711712          0.92229412287342988437        
67.32586745917801949          0.90352579387872376446        
65.55051362453697072          0.72771459013166924136        
63.34959861623979578          0.5878404245156569818         
67.09769971587468153          0.47254932258245543298        
64.882465114897489404         0.3819439407029026199         
62.843547817202449143         0.3069045043646109184         
60.911678774411904286         0.24825340614031059015        
64.12399495423686657          0.23137555051371072843        
61.62707733363846868          0.18246846203958194845        
59.273538461350525397         0.14642112066480220176        
61.616068259815007065         0.11709778565096020246        
58.854961403455206135         0.094151415005890975395       
56.134666760105314053         0.07627334754567080924        
57.54609213647229686          0.06949546847008817295        
54.65706948518617893          0.05401061063948270587        
51.850494635229009917         0.042418434607865518753       
52.544547825899670376         0.033564079818106109076       
49.654150218558444657         0.026450704176758988383       
46.987417533194452322         0.020804314156154586542       
47.417389423381714014         0.018136704844279771601       
44.880230367634108894         0.013847066604201801678       
42.472726729382086177         0.0106210221913386944336      
42.51689935005205293          0.008149633524839732222       
39.984033713010031924         0.00685016427050379059        
39.917135805087795204         0.005118413306719378857       
37.734329422398418596         0.0038387649507520474935      
37.627924825635484473         0.0028838863581495470962      
35.476864457040824908         0.002354399174174279232       
35.184746811504330803         0.0017273550368034005736      
33.09739695228976789          0.0012648943635138071269      
31.076673726315953688         0.0009290383972900207555      
30.563594579530480415         0.00073757508698709754386     
28.618287962543501934         0.00052765893640392841566     
28.104118551035550455         0.0003767228359073641435      
27.460441407873312761         0.00028846001545130146733     
25.584838203199545228         0.00020253732096487434349     
24.761722528346383859         0.00014314447246614058127     
22.889053081903921162         0.00010759651891589804961     
21.995857327607567544         7.4111258766753242936e-05     
20.293975838788972694         5.4040608132726392003e-05     
19.46598988546049579          3.6310911068392474028e-05     
18.560156811498575172         2.444765766802348238e-05      
16.962515110332155864         1.7407930723138599668e-05     
16.022662749139467853         1.1454531122513175588e-05     
15.097753245040452203         7.90545870898829404e-06       
13.763705627203870686         5.0542941561893451016e-06     
12.9983742270379378295        3.3905583832783126213e-06     
12.236440784571887528         2.2100217712920847912e-06     
11.454845275384087811         1.3499732801519138219e-06     
10.372660189743925284         8.6466232392684647304e-07     
9.687607916793439218          5.19113599589328882e-07       
9.054213338191754027          3.240713206590129149e-07      
8.447978287573084676          1.9667631146961119991e-07     
7.6549103870084424517         1.1634085427525129318e-07     
7.1295864475696575802         6.4742857832900649394e-08     
6.626676811909295819          3.730879084667988224e-08      
6.1660833521303129406         2.1011261849204548977e-08     
5.724073581859658407          1.1505394444452691241e-08     
5.303659333438126561          6.154788377647877896e-09      
4.894033407339571887          3.2199712721148037722e-09     
4.4790607645913241954         1.6654221699861987742e-09     
4.112716298129556924          8.5826601193102209686e-10     
3.7768323885282533306         4.1081518346896450573e-10     
3.491435639320424634          1.9150865799559723812e-10     
3.2302559399771791555         8.743088735589373777e-11      
2.9795313764318969647         3.7775418935901855922e-11     
2.7491213141754330877         1.6366775813691804582e-11     
2.5748369800602214222         6.803842245374671472e-12      
2.3619383649863076385         2.673713909068858808e-12      
2.1665389410108823558         9.860048050828935064e-13      
1.9815089352758485337         3.587834707779454155e-13      
1.8043451183692181284         1.2351875764911481449e-13     
1.6707846962944607862         3.995827764617007176e-14      
1.5237007823240186834         1.23216783094451224465e-14    
1.3909642721795194003         3.655819284796959116e-15      
1.2902270645167253593         9.813097004518383092e-16      
1.1791493439107886131         2.5097374939405247757e-16     
1.0995561463178768537         5.915833773187501719e-17      
1.0106636223814917606         1.2207583124959582281e-17     
0.94316803828894243484        2.5681849541849378548e-18     
0.86387166777262598975        4.565221777769845123e-19      
0.7957550398039796254         7.8253983468224703236e-20     
0.7295529939471745452         1.0991132381976286317e-20     
0.6602947979115862893         1.5091784530614248026e-21     
0.6064252115148422682         1.7337757319628662056e-22     
0.5582909599530827463         1.7128230065092616593e-23     
0.5123826913645058805         1.5096075931524432131e-24     
0.4690795726217236317         1.0780981173770226907e-25     
0.42062449333298344763        6.823935611406942493e-27      
0.38171892966247735122        4.647825744749103402e-28      
0.34538976607861470537        2.29719717989901556e-29       
0.31383222901475512693        7.8560626370923614374e-31     
0.28823198485589444012        --                            
0.26690098920315631138        --                            
