8.194795582394856837e+00
8.428637341486862056e+00
8.669151868403938366e+00
8.916529573236310569e+00
9.170966299502044450e+00
9.432663479192072487e+00
9.701828292239499163e+00
9.978673830539410261e+00
1.026341926664908755e+01
1.055629002730210786e+01
1.085751797187376511e+01
1.116734157593906929e+01
1.148600612006863919e+01
1.181376388401196564e+01
1.215087434642176945e+01
1.249760439027757819e+01
1.285422851417114387e+01
1.322102904962098080e+01
1.359829638458803025e+01
1.398632919336948000e+01
1.438543467305266788e+01
1.479592878671629030e+01
1.521813651357146568e+01
1.565239210624066146e+01
1.609903935537819919e+01
1.655843186184177895e+01
1.703093331663054499e+01
1.751691778881131967e+01
1.801677002166086794e+01
1.853088573725874610e+01
1.905967194977182544e+01
1.960354728767850574e+01
2.016294232518770713e+01
2.073829992311507198e+01
2.133007557948618427e+01
2.193873779014438341e+01
2.256476841964866864e+01
2.320866308275535417e+01
2.387093153678543089e+01
2.455209808518826975e+01
2.525270199262117998e+01
2.597329791187350168e+01
2.671445632297303163e+01
2.747676398482259330e+01
2.826082439972423899e+01
2.906725829115883641e+01
2.989670409519923666e+01
3.074981846594615931e+01
3.162727679538691206e+01
3.252977374808840949e+01
3.345802381114792468e+01
3.441276185983692670e+01
3.539474373938575269e+01
3.640474686336970223e+01
3.744357082917039037e+01
3.851203805099954280e+01
3.961099441098627949e+01
4.074130992884348501e+01
4.190387945064344422e+01
4.309962335724789995e+01
4.432948829295338555e+01
4.559444791492886395e+01
4.689550366403882720e+01
4.823368555766205645e+01
4.961005300513389216e+01
5.102569564645744293e+01
5.248173421494773550e+01
5.397932142449176496e+01
5.551964288212680998e+01
5.710391802665974126e+01
5.873340109406987608e+01
6.040938211046025685e+01
6.213318791334310021e+01
6.390618320206806402e+01
6.572977161822477399e+01
6.760539685687525946e+01
6.953454380949571600e+01
7.151873973953267694e+01
7.355955549150388606e+01
7.565860673460177566e+01
7.781755524178333872e+01
8.003811020535935938e+01
8.232202959012469989e+01
8.467112152510046030e+01
8.708724573499027599e+01
8.957231501248364225e+01
9.212829673257199659e+01
9.475721441007664225e+01
9.746114930162093515e+01
1.002422420533157776e+02
1.031026943954623647e+02
1.060447708856137581e+02
1.090708007013756031e+02
1.121831794843652119e+02
1.153843712367886383e+02
1.186769102721369791e+02
1.220634032215475031e+02
1.255465310974159934e+02
1.291290514158958445e+02
1.328138003799634532e+02
1.366036951247776301e+02
1.405017360271121731e+02
1.445110090806883250e+02
1.486346883392882887e+02
1.528760384295846677e+02
1.572384171356736147e+02
1.617252780573590485e+02
1.663401733442923671e+02
1.710867565081314865e+02
1.759687853149458192e+02
1.809901247601580678e+02
1.861547501283760369e+02
1.914667501405386361e+02
1.969303301908672097e+02
2.025498156761833854e+02
2.083296554202319726e+02
2.142744251957169297e+02
2.203888313468403339e+02
2.266777145152127559e+02
2.331460534720829969e+02
2.397989690599221433e+02
2.466417282464829839e+02
2.536797482945431739e+02
2.609186010506330717e+02
2.683640173561456663e+02
2.760218915843176433e+02
2.838982863066757432e+02
2.919994370926430065e+02
3.003317574461012214e+02
3.089018438828228454e+02
3.177164811527879920e+02
3.267826476115219521e+02
3.361075207447073012e+02
3.456984828504425309e+02
3.555631268836447703e+02
3.657092624672276315e+02
3.761449220748081075e+02
3.868783673898396387e+02
3.979180958462076774e+02
4.092728473554607831e+02
4.209516112260080263e+02
4.329636332797585396e+02
4.453184231718347519e+02
4.580257619191603453e+02
4.710957096438761482e+02
4.845386135377186179e+02
4.983651160536663269e+02
5.125861633313367065e+02
5.272130138628042459e+02
5.422572474057042200e+02
5.577307741506731418e+02
5.736458441503841641e+02
5.900150570176491556e+02
6.068513719002538664e+02
6.241681177404325354e+02
6.419790038271009962e+02
6.602981306491990381e+02
6.791400010587408360e+02
6.985195317524047596e+02
7.184520650807551192e+02
7.389533811944473882e+02
7.600397105370270765e+02
7.817277466942163073e+02
8.040346596098622740e+02
8.269781091790052869e+02
8.505762592288307360e+02
8.748477918985739734e+02
8.998119224297629444e+02
9.254884143785034212e+02
9.518975952618530982e+02
9.790603726506733437e+02
1.006998250721696195e+03
1.035733347281910483e+03
1.065288411278744206e+03
1.095686840809910791e+03
1.126952701647170898e+03
1.159110746288676182e+03
1.192186433554980795e+03
1.226205948744235229e+03
1.261196224362512112e+03
1.297184961445680983e+03
1.334200651489715028e+03
1.372272599006785185e+03
1.411430944724998881e+03
1.451706689450155864e+03
1.493131718608411347e+03
1.535738827489268033e+03
1.579561747208887255e+03
1.624635171414279966e+03
1.670994783749507178e+03
1.718677286105637677e+03
1.767720427676834788e+03
1.818163034845568291e+03
1.870045041920612221e+03
1.923407522752159366e+03
1.978292723249096298e+03
2.034744094824162630e+03
2.092806328793481953e+03
2.152525391757700618e+03
2.213948561992744089e+03
2.277124466878989551e+03
2.342103121398497024e+03
2.408935967730783432e+03
2.477675915978466946e+03
2.548377386055037732e+03
2.621096350767911645e+03
2.695890380130883386e+03
2.772818686941044689e+03
2.851942173656253090e+03
2.933323480610288243e+03
3.017027035603827244e+03
3.103119104910522310e+03
3.191667845738565575e+03
3.282743360189259420e+03
3.376417750755317229e+03
3.472765177402821791e+03
3.571861916282060974e+03
3.673786420113679924e+03
3.778619380297983753e+03
3.886443790796553913e+03
3.997345013836757971e+03
4.111410847491156346e+03
4.228731595185305196e+03
4.349400137189018096e+03
4.473512004147640255e+03
4.601165452711560647e+03
4.732461543323865044e+03
4.867504220227673613e+03
5.006400393756527592e+03
5.149260024972952124e+03
5.296196212722238670e+03
5.447325283170321200e+03
5.602766881896650375e+03
5.762644068614984462e+03
5.927083414597085721e+03
6.096215102876415585e+03
6.270173031311189334e+03
6.449094918588401015e+03
6.633122413252680417e+03
6.822401205846347693e+03
7.017081144249433237e+03
7.217316352310970615e+03
7.423265351865476077e+03
7.635091188231200249e+03
7.852961559289566139e+03
8.077048948247902445e+03
8.307530760190618821e+03
8.544589462526933858e+03
8.788412729446345111e+03
9.039193590496173783e+03
9.297130583398815361e+03
9.562427911229740857e+03
9.835295604080594785e+03
1.011594968533541578e+04
1.040461234269162378e+04
1.070151210406119026e+04
1.100688401849114598e+04
1.132096984224678454e+04
1.164401823020485062e+04
1.197628493270809668e+04
1.231803299803726259e+04
1.266953298066070056e+04
1.303106315542633820e+04
1.340290973786583345e+04
1.378536711078519511e+04
1.417873805732112305e+04
1.458333400064783564e+04
1.499947525052403580e+04
1.542749125687504784e+04
1.586772087061115781e+04
1.632051261188852368e+04
1.678622494602486768e+04
1.726522656728864968e+04
1.775789669078634324e+04
1.826462535267862404e+04
1.878581371896347628e+04
1.932187440307064389e+04
1.987323179251861802e+04
2.044032238489279189e+04
2.102359513341131242e+04
2.162351180235139327e+04
2.224054733261789806e+04
2.287519021774381690e+04
2.352794289061991367e+04
2.419932212125972728e+04
2.488985942591516869e+04
2.560010148786637365e+04
2.633061059021876281e+04
2.708196506105032677e+04
2.785475973126143072e+04
2.864960640548924857e+04
2.946713434646018140e+04
3.030799077316350667e+04
3.117284137324029871e+04
3.206237082999387712e+04
3.297728336443868466e+04
3.391830329281648301e+04
3.488617560002175742e+04
3.588166652939008054e+04
