8.080318936149669895e+00 8.310894058500858605e+00
8.310894058500858605e+00 8.548048733895358353e+00
8.548048733895358353e+00 8.791970712502433116e+00
8.791970712502433116e+00 9.042853102017279099e+00
9.042853102017279099e+00 9.300894520540172294e+00
9.300894520540172294e+00 9.566299253818057124e+00
9.566299253818057124e+00 9.839277416973116530e+00
9.839277416973116530e+00 1.012004512084631003e+01
1.012004512084631003e+01 1.040882464308761968e+01
1.040882464308761968e+01 1.070584460412836414e+01
1.070584460412836414e+01 1.101134014817504259e+01
1.101134014817504259e+01 1.132555312936781355e+01
1.132555312936781355e+01 1.164873230325117071e+01
1.164873230325117071e+01 1.198113352370821971e+01
1.198113352370821971e+01 1.232301994551465185e+01
1.232301994551465185e+01 1.267466223267257419e+01
1.267466223267257419e+01 1.303633877268932473e+01
1.303633877268932473e+01 1.340833589697074757e+01
1.340833589697074757e+01 1.379094810750349254e+01
1.379094810750349254e+01 1.418447831000584003e+01
1.418447831000584003e+01 1.458923805373147609e+01
1.458923805373147609e+01 1.500554777811627893e+01
1.500554777811627893e+01 1.543373706646315746e+01
1.543373706646315746e+01 1.587414490686598789e+01
1.587414490686598789e+01 1.632711996057906134e+01
1.632711996057906134e+01 1.679302083804453360e+01
1.679302083804453360e+01 1.727221638279653249e+01
1.727221638279653249e+01 1.776508596346648261e+01
1.776508596346648261e+01 1.827201977412093470e+01
1.827201977412093470e+01 1.879341914316970019e+01
1.879341914316970019e+01 1.932969685108878011e+01
1.932969685108878011e+01 1.988127745720962736e+01
1.988127745720962736e+01 2.044859763583346179e+01
2.044859763583346179e+01 2.103210652193681085e+01
2.103210652193681085e+01 2.163226606674181340e+01
2.163226606674181340e+01 2.224955140343289983e+01
2.224955140343289983e+01 2.288445122330933046e+01
2.288445122330933046e+01 2.353746816267145547e+01
2.353746816267145547e+01 2.420911920074685497e+01
2.420911920074685497e+01 2.489993606897143152e+01
2.489993606897143152e+01 2.561046567194964751e+01
2.561046567194964751e+01 2.634127052042690309e+01
2.634127052042690309e+01 2.709292917661694489e+01
2.709292917661694489e+01 2.786603671223696921e+01
2.786603671223696921e+01 2.866120517961287817e+01
2.866120517961287817e+01 2.947906409622772728e+01
2.947906409622772728e+01 3.032026094309687281e+01
3.032026094309687281e+01 3.118546167736464270e+01
3.118546167736464270e+01 3.207535125952797728e+01
3.207535125952797728e+01 3.299063419570465072e+01
3.299063419570465072e+01 3.393203509537539020e+01
3.393203509537539020e+01 3.490029924504137426e+01
3.490029924504137426e+01 3.589619319825123256e+01
3.589619319825123256e+01 3.692050538246466118e+01
3.692050538246466118e+01 3.797404672323330743e+01
3.797404672323330743e+01 3.905765128619274407e+01
3.905765128619274407e+01 4.017217693737394768e+01
4.017217693737394768e+01 4.131850602235710568e+01
4.131850602235710568e+01 4.249754606480534136e+01
4.249754606480534136e+01 4.371023048493134411e+01
4.371023048493134411e+01 4.495751933846563730e+01
4.495751933846563730e+01 4.624040007671185037e+01
4.624040007671185037e+01 4.755988832829023494e+01
4.755988832829023494e+01 4.891702870318859198e+01
4.891702870318859198e+01 5.031289561975719948e+01
5.031289561975719948e+01 5.174859415530237072e+01
5.174859415530237072e+01 5.322526092095191785e+01
5.322526092095191785e+01 5.474406496148527168e+01
5.474406496148527168e+01 5.630620868084079689e+01
5.630620868084079689e+01 5.791292879403263072e+01
5.791292879403263072e+01 5.956549730623083150e+01
5.956549730623083150e+01 6.126522251978013145e+01
6.126522251978013145e+01 6.301345006995430253e+01
6.301345006995430253e+01 6.481156399026617976e+01
6.481156399026617976e+01 6.666098780817654301e+01
6.666098780817654301e+01 6.856318567206993464e+01
6.856318567206993464e+01 7.051966351038876724e+01
7.051966351038876724e+01 7.253197022384391346e+01
7.253197022384391346e+01 7.460169891164549938e+01
7.460169891164549938e+01 7.673048813272487223e+01
7.673048813272487223e+01 7.892002320294575668e+01
7.892002320294575668e+01 8.117203752933181704e+01
8.117203752933181704e+01 8.348831398236741563e+01
8.348831398236741563e+01 8.587068630745679343e+01
8.587068630745679343e+01 8.832104057666057884e+01
8.832104057666057884e+01 9.084131668185742114e+01
9.084131668185742114e+01 9.343350987051425705e+01
9.343350987051425705e+01 9.609967232528001091e+01
9.609967232528001091e+01 9.884191478865346880e+01
9.884191478865346880e+01 1.016624082340123323e+02
1.016624082340123323e+02 1.045633855843251609e+02
1.045633855843251609e+02 1.075471434799075610e+02
1.075471434799075610e+02 1.106160440966220762e+02
1.106160440966220762e+02 1.137725170159616681e+02
1.137725170159616681e+02 1.170190611484954388e+02
1.170190611484954388e+02 1.203582467122018755e+02
1.203582467122018755e+02 1.237927172672546874e+02
1.237927172672546874e+02 1.273251918088702013e+02
1.273251918088702013e+02 1.309584669198781910e+02
1.309584669198781910e+02 1.346954189847138537e+02
1.346954189847138537e+02 1.385390064665890577e+02
1.385390064665890577e+02 1.424922722496433494e+02
1.424922722496433494e+02 1.465583460479278699e+02
1.465583460479278699e+02 1.507404468831320798e+02
1.507404468831320798e+02 1.550418856330130666e+02
1.550418856330130666e+02 1.594660676525442966e+02
1.594660676525442966e+02 1.640164954698611268e+02
1.640164954698611268e+02 1.686967715591360388e+02
1.686967715591360388e+02 1.735106011925778944e+02
1.735106011925778944e+02 1.784617953738151641e+02
1.784617953738151641e+02 1.835542738549850981e+02
1.835542738549850981e+02 1.887920682399135046e+02
1.887920682399135046e+02 1.941793251758501242e+02
1.941793251758501242e+02 1.997203096362763688e+02
1.997203096362763688e+02 2.054194082973922946e+02
2.054194082973922946e+02 2.112811330109529138e+02
2.112811330109529138e+02 2.173101243762012018e+02
2.173101243762012018e+02 2.235111554137296821e+02
2.235111554137296821e+02 2.298891353441770491e+02
2.298891353441770491e+02 2.364491134747495948e+02
2.364491134747495948e+02 2.431962831966476983e+02
2.431962831966476983e+02 2.501359860965609130e+02
2.501359860965609130e+02 2.572737161854839769e+02
2.572737161854839769e+02 2.646151242482055750e+02
2.646151242482055750e+02 2.721660223169124038e+02
2.721660223169124038e+02 2.799323882724447685e+02
2.799323882724447685e+02 2.879203705768581472e+02
2.879203705768581472e+02 2.961362931410228043e+02
2.961362931410228043e+02 3.045866603311270069e+02
3.045866603311270069e+02 3.132781621180422462e+02
3.132781621180422462e+02 3.222176793736251739e+02
3.222176793736251739e+02 3.314122893181541940e+02
3.314122893181541940e+02 3.408692711232107513e+02
3.408692711232107513e+02 3.505961116744386459e+02
3.505961116744386459e+02 3.606005114987483466e+02
3.606005114987483466e+02 3.708903908606569644e+02
3.708903908606569644e+02 3.814738960325860830e+02
3.814738960325860830e+02 3.923594057440886331e+02
3.923594057440886331e+02 4.035555378151075843e+02
4.035555378151075843e+02 4.150711559785107170e+02
4.150711559785107170e+02 4.269153768973200158e+02
4.269153768973200158e+02 4.390975773821699022e+02
4.390975773821699022e+02 4.516274018147244647e+02
4.516274018147244647e+02 4.645147697829250433e+02
4.645147697829250433e+02 4.777698839341085204e+02
4.777698839341085204e+02 4.914032380522207859e+02
4.914032380522207859e+02 5.054256253655182149e+02
5.054256253655182149e+02 5.198481470913268367e+02
5.198481470913268367e+02 5.346822212246349864e+02
5.346822212246349864e+02 5.499395915774717878e+02
5.499395915774717878e+02 5.656323370762232798e+02
5.656323370762232798e+02 5.817728813242553088e+02
5.817728813242553088e+02 5.983740024374114910e+02
5.983740024374114910e+02 6.154488431601610046e+02
6.154488431601610046e+02 6.330109212704307993e+02
6.330109212704307993e+02 6.510741402813276864e+02
6.510741402813276864e+02 6.696528004482482856e+02
6.696528004482482856e+02 6.887616100900800120e+02
6.887616100900800120e+02 7.084156972334517377e+02
7.084156972334517377e+02 7.286306215892637965e+02
7.286306215892637965e+02 7.494223868709722183e+02
7.494223868709722183e+02 7.708074534643751576e+02
7.708074534643751576e+02 7.928027514589417706e+02
7.928027514589417706e+02 8.154256940509962988e+02
8.154256940509962988e+02 8.386941913293604784e+02
8.386941913293604784e+02 8.626266644543813982e+02
8.626266644543813982e+02 8.872420602415603526e+02
8.872420602415603526e+02 9.125598661613353215e+02
9.125598661613353215e+02 9.386001257668799553e+02
9.386001257668799553e+02 9.653834545621497227e+02
9.653834545621497227e+02 9.929310563227235207e+02
9.929310563227235207e+02 1.021264739882372965e+03
1.021264739882372965e+03 1.050406936398633434e+03
1.050406936398633434e+03 1.080380717111063404e+03
1.080380717111063404e+03 1.111209811606243193e+03
1.111209811606243193e+03 1.142918626603964412e+03
1.142918626603964412e+03 1.175532265279498688e+03
1.175532265279498688e+03 1.209076547137231728e+03
1.209076547137231728e+03 1.243578028451404180e+03
1.243578028451404180e+03 1.279064023290126215e+03
1.279064023290126215e+03 1.315562625139330976e+03
1.315562625139330976e+03 1.353102729143776969e+03
1.353102729143776969e+03 1.391714054982695188e+03
1.391714054982695188e+03 1.431427170398213093e+03
1.431427170398213093e+03 1.472273515395165077e+03
1.472273515395165077e+03 1.514285427131462939e+03
1.514285427131462939e+03 1.557496165518707585e+03
1.557496165518707585e+03 1.601939939553336899e+03
1.601939939553336899e+03 1.647651934399146285e+03
1.647651934399146285e+03 1.694668339242602315e+03
1.694668339242602315e+03 1.743026375943038147e+03
1.743026375943038147e+03 1.792764328500379861e+03
1.792764328500379861e+03 1.843921573363761127e+03
1.843921573363761127e+03 1.896538610604984342e+03
1.896538610604984342e+03 1.950657095981547855e+03
1.950657095981547855e+03 2.006319873914603249e+03
2.006319873914603249e+03 2.063571011407936112e+03
2.063571011407936112e+03 2.122455832934854698e+03
2.122455832934854698e+03 2.183020956320581718e+03
2.183020956320581718e+03 2.245314329648575949e+03
2.245314329648575949e+03 2.309385269219965721e+03
2.309385269219965721e+03 2.375284498596194226e+03
2.375284498596194226e+03 2.443064188755760824e+03
2.443064188755760824e+03 2.512777999396828363e+03
2.512777999396828363e+03 2.584481121418442854e+03
2.584481121418442854e+03 2.658230320613955428e+03
2.658230320613955428e+03 2.734083982611271495e+03
2.734083982611271495e+03 2.812102159095456045e+03
2.812102159095456045e+03 2.892346615350350476e+03
2.892346615350350476e+03 2.974880879156803530e+03
2.974880879156803530e+03 3.059770291086210818e+03
3.059770291086210818e+03 3.147082056229223326e+03
3.147082056229223326e+03 3.236885297400547188e+03
3.236885297400547188e+03 3.329251109861972054e+03
3.329251109861972054e+03 3.424252617606918193e+03
3.424252617606918193e+03 3.521965031251112123e+03
3.521965031251112123e+03 3.622465707575195665e+03
3.622465707575195665e+03 3.725834210766375691e+03
3.725834210766375691e+03 3.832152375407667478e+03
3.832152375407667478e+03 3.941504371264533347e+03
3.941504371264533347e+03 4.053976769920263450e+03
4.053976769920263450e+03 4.169658613312779380e+03
4.169658613312779380e+03 4.288641484227201545e+03
4.288641484227201545e+03 4.411019578799947340e+03
4.411019578799947340e+03 4.536889781091731493e+03
4.536889781091731493e+03 4.666351739788569830e+03
4.666351739788569830e+03 4.799507947091458846e+03
4.799507947091458846e+03 4.936463819857224735e+03
4.936463819857224735e+03 5.077327783054718566e+03
5.077327783054718566e+03 5.222211355602505137e+03
5.222211355602505137e+03 5.371229238655966583e+03
5.371229238655966583e+03 5.524499406413668112e+03
5.524499406413668112e+03 5.682143199514969638e+03
5.682143199514969638e+03 5.844285421102747932e+03
5.844285421102747932e+03 6.011054435627335806e+03
6.011054435627335806e+03 6.182582270469814830e+03
6.182582270469814830e+03 6.359004720465223727e+03
6.359004720465223727e+03 6.540461455408379152e+03
6.540461455408379152e+03 6.727096130627353887e+03
6.727096130627353887e+03 6.919056500712292291e+03
6.919056500712292291e+03 7.116494536489463826e+03
7.116494536489463826e+03 7.319566545333278555e+03
7.319566545333278555e+03 7.528433294911372286e+03
7.528433294911372286e+03 7.743260140460869479e+03
7.743260140460869479e+03 7.964217155696534974e+03
7.964217155696534974e+03 8.191479267454366891e+03
8.191479267454366891e+03 8.425226394177379916e+03
8.425226394177379916e+03 8.665643588353075756e+03
8.665643588353075756e+03 8.912921183015498173e+03
8.912921183015498173e+03 9.167254942427671267e+03
9.167254942427671267e+03 9.428846217063910444e+03
9.428846217063910444e+03 9.697902103014623208e+03
9.697902103014623208e+03 9.974635605939693050e+03
9.974635605939693050e+03 1.025926580970043688e+04
1.025926580970043688e+04 1.055201804980349516e+04
1.055201804980349516e+04 1.085312409179406677e+04
1.085312409179406677e+04 1.116282231473951106e+04
1.116282231473951106e+04 1.148135789994897641e+04
1.148135789994897641e+04 1.180898302507802327e+04
1.180898302507802327e+04 1.214595706377207716e+04
1.214595706377207716e+04 1.249254679100701833e+04
1.249254679100701833e+04 1.284902659428902552e+04
1.284902659428902552e+04 1.321567869088108455e+04
1.321567869088108455e+04 1.359279335122836710e+04
1.359279335122836710e+04 1.398066912875893831e+04
1.398066912875893831e+04 1.437961309624186651e+04
1.437961309624186651e+04 1.478994108889020026e+04
1.478994108889020026e+04 1.521197795440071786e+04
1.521197795440071786e+04 1.564605781012863736e+04
1.564605781012863736e+04 1.609252430760121206e+04
1.609252430760121206e+04 1.655173090457903891e+04
1.655173090457903891e+04 1.702404114488073174e+04
1.702404114488073174e+04 1.750982894619279978e+04
1.750982894619279978e+04 1.800947889609202684e+04
1.800947889609202684e+04 1.852338655651495355e+04
1.852338655651495355e+04 1.905195877691564237e+04
1.905195877691564237e+04 1.959561401635976290e+04
1.959561401635976290e+04 2.015478267480903014e+04
2.015478267480903014e+04 2.072990743385964743e+04
2.072990743385964743e+04 2.132144360720391705e+04
2.132144360720391705e+04 2.192985950109162150e+04
2.192985950109162150e+04 2.255563678507812074e+04
2.255563678507812074e+04 2.319927087335167016e+04
2.319927087335167016e+04 2.386127131694190757e+04
2.386127131694190757e+04 2.454216220712009454e+04
2.454216220712009454e+04 2.524248259031102498e+04
2.524248259031102498e+04 2.596278689484413189e+04
2.596278689484413189e+04 2.670364536988210966e+04
2.670364536988210966e+04 2.746564453687502464e+04
2.746564453687502464e+04 2.824938765389636319e+04
2.824938765389636319e+04 2.905549519322907508e+04
2.905549519322907508e+04 2.988460533258024589e+04
2.988460533258024589e+04 3.073737446031227955e+04
3.073737446031227955e+04 3.161447769509099453e+04
3.161447769509099453e+04 3.251660942036269626e+04
3.251660942036269626e+04 3.344448383408217342e+04
3.344448383408217342e+04 3.439883551412739325e+04
3.439883551412739325e+04 3.538041999984913127e+04
3.538041999984913127e+04 3.639001439021477563e+04
