1.000000000000000000e+01 1.004620421346812620e+01
1.004620421346812620e+01 1.009262190987047347e+01
1.009262190987047347e+01 1.013925407558815373e+01
1.013925407558815373e+01 1.018610170155975858e+01
1.018610170155975858e+01 1.023316578330244830e+01
1.023316578330244830e+01 1.028044732093309221e+01
1.028044732093309221e+01 1.032794731918951392e+01
1.032794731918951392e+01 1.037566678745185911e+01
1.037566678745185911e+01 1.042360673976401664e+01
1.042360673976401664e+01 1.047176819485520305e+01
1.047176819485520305e+01 1.052015217616158615e+01
1.052015217616158615e+01 1.056875971184804008e+01
1.056875971184804008e+01 1.061759183483000157e+01
1.061759183483000157e+01 1.066664958279539377e+01
1.066664958279539377e+01 1.071593399822671167e+01
1.071593399822671167e+01 1.076544612842315374e+01
1.076544612842315374e+01 1.081518702552288147e+01
1.081518702552288147e+01 1.086515774652538369e+01
1.086515774652538369e+01 1.091535935331391549e+01
1.091535935331391549e+01 1.096579291267809886e+01
1.096579291267809886e+01 1.101645949633656407e+01
1.101645949633656407e+01 1.106736018095973328e+01
1.106736018095973328e+01 1.111849604819271065e+01
1.111849604819271065e+01 1.116986818467823106e+01
1.116986818467823106e+01 1.122147768207980256e+01
1.122147768207980256e+01 1.127332563710486468e+01
1.127332563710486468e+01 1.132541315152811556e+01
1.132541315152811556e+01 1.137774133221491368e+01
1.137774133221491368e+01 1.143031129114479150e+01
1.143031129114479150e+01 1.148312414543511117e+01
1.148312414543511117e+01 1.153618101736477897e+01
1.153618101736477897e+01 1.158948303439810701e+01
1.158948303439810701e+01 1.164303132920876749e+01
1.164303132920876749e+01 1.169682703970385340e+01
1.169682703970385340e+01 1.175087130904807609e+01
1.175087130904807609e+01 1.180516528568804979e+01
1.180516528568804979e+01 1.185971012337669350e+01
1.185971012337669350e+01 1.191450698119775886e+01
1.191450698119775886e+01 1.196955702359043450e+01
1.196955702359043450e+01 1.202486142037412264e+01
1.202486142037412264e+01 1.208042134677328328e+01
1.208042134677328328e+01 1.213623798344240612e+01
1.213623798344240612e+01 1.219231251649110703e+01
1.219231251649110703e+01 1.224864613750931319e+01
1.224864613750931319e+01 1.230524004359261525e+01
1.230524004359261525e+01 1.236209543736768524e+01
1.236209543736768524e+01 1.241921352701784009e+01
1.241921352701784009e+01 1.247659552630869761e+01
1.247659552630869761e+01 1.253424265461400111e+01
1.253424265461400111e+01 1.259215613694150981e+01
1.259215613694150981e+01 1.265033720395903138e+01
1.265033720395903138e+01 1.270878709202058943e+01
1.270878709202058943e+01 1.276750704319265672e+01
1.276750704319265672e+01 1.282649830528060519e+01
1.282649830528060519e+01 1.288576213185518071e+01
1.288576213185518071e+01 1.294529978227915379e+01
1.294529978227915379e+01 1.300511252173409282e+01
1.300511252173409282e+01 1.306520162124721196e+01
1.306520162124721196e+01 1.312556835771843389e+01
1.312556835771843389e+01 1.318621401394748460e+01
1.318621401394748460e+01 1.324713987866116760e+01
1.324713987866116760e+01 1.330834724654075352e+01
1.330834724654075352e+01 1.336983741824946570e+01
1.336983741824946570e+01 1.343161170046015940e+01
1.343161170046015940e+01 1.349367140588306491e+01
1.349367140588306491e+01 1.355601785329368170e+01
1.355601785329368170e+01 1.361865236756081998e+01
1.361865236756081998e+01 1.368157627967471868e+01
1.368157627967471868e+01 1.374479092677537295e+01
1.374479092677537295e+01 1.380829765218092398e+01
1.380829765218092398e+01 1.387209780541620319e+01
1.387209780541620319e+01 1.393619274224142757e+01
1.393619274224142757e+01 1.400058382468097484e+01
1.400058382468097484e+01 1.406527242105237185e+01
1.406527242105237185e+01 1.413025990599533621e+01
1.413025990599533621e+01 1.419554766050101513e+01
1.419554766050101513e+01 1.426113707194128999e+01
1.426113707194128999e+01 1.432702953409831004e+01
1.432702953409831004e+01 1.439322644719407229e+01
1.439322644719407229e+01 1.445972921792019505e+01
1.445972921792019505e+01 1.452653925946781222e+01
1.452653925946781222e+01 1.459365799155756882e+01
1.459365799155756882e+01 1.466108684046984401e+01
1.466108684046984401e+01 1.472882723907502545e+01
1.472882723907502545e+01 1.479688062686396322e+01
1.479688062686396322e+01 1.486524844997857109e+01
1.486524844997857109e+01 1.493393216124252554e+01
1.493393216124252554e+01 1.500293322019218323e+01
1.500293322019218323e+01 1.507225309310756245e+01
1.507225309310756245e+01 1.514189325304351996e+01
1.514189325304351996e+01 1.521185517986104863e+01
1.521185517986104863e+01 1.528214036025870115e+01
1.528214036025870115e+01 1.535275028780422701e+01
1.535275028780422701e+01 1.542368646296628221e+01
1.542368646296628221e+01 1.549495039314631661e+01
1.549495039314631661e+01 1.556654359271061949e+01
1.556654359271061949e+01 1.563846758302246975e+01
1.563846758302246975e+01 1.571072389247450474e+01
1.571072389247450474e+01 1.578331405652117247e+01
1.578331405652117247e+01 1.585623961771137225e+01
1.585623961771137225e+01 1.592950212572123014e+01
1.592950212572123014e+01 1.600310313738700785e+01
1.600310313738700785e+01 1.607704421673823703e+01
1.607704421673823703e+01 1.615132693503090522e+01
1.615132693503090522e+01 1.622595287078087267e+01
1.622595287078087267e+01 1.630092360979741173e+01
1.630092360979741173e+01 1.637624074521688300e+01
1.637624074521688300e+01 1.645190587753662470e+01
1.645190587753662470e+01 1.652792061464894857e+01
1.652792061464894857e+01 1.660428657187529566e+01
1.660428657187529566e+01 1.668100537200059108e+01
1.668100537200059108e+01 1.675807864530768043e+01
1.675807864530768043e+01 1.683550802961202209e+01
1.683550802961202209e+01 1.691329517029647889e+01
1.691329517029647889e+01 1.699144172034625910e+01
1.699144172034625910e+01 1.706994934038407763e+01
1.706994934038407763e+01 1.714881969870539891e+01
1.714881969870539891e+01 1.722805447131393919e+01
1.722805447131393919e+01 1.730765534195725053e+01
1.730765534195725053e+01 1.738762400216250370e+01
1.738762400216250370e+01 1.746796215127245588e+01
1.746796215127245588e+01 1.754867149648151070e+01
1.754867149648151070e+01 1.762975375287205893e+01
1.762975375287205893e+01 1.771121064345087603e+01
1.771121064345087603e+01 1.779304389918577201e+01
1.779304389918577201e+01 1.787525525904235479e+01
1.787525525904235479e+01 1.795784647002095724e+01
1.795784647002095724e+01 1.804081928719382688e+01
1.804081928719382688e+01 1.812417547374236548e+01
1.812417547374236548e+01 1.820791680099462440e+01
1.820791680099462440e+01 1.829204504846293844e+01
1.829204504846293844e+01 1.837656200388171612e+01
1.837656200388171612e+01 1.846146946324547500e+01
1.846146946324547500e+01 1.854676923084698359e+01
1.854676923084698359e+01 1.863246311931559873e+01
1.863246311931559873e+01 1.871855294965579120e+01
1.871855294965579120e+01 1.880504055128582408e+01
1.880504055128582408e+01 1.889192776207666213e+01
1.889192776207666213e+01 1.897921642839100542e+01
1.897921642839100542e+01 1.906690840512251839e+01
1.906690840512251839e+01 1.915500555573527919e+01
1.915500555573527919e+01 1.924350975230331429e+01
1.924350975230331429e+01 1.933242287555045280e+01
1.933242287555045280e+01 1.942174681489025545e+01
1.942174681489025545e+01 1.951148346846616377e+01
1.951148346846616377e+01 1.960163474319185539e+01
1.960163474319185539e+01 1.969220255479172366e+01
1.969220255479172366e+01 1.978318882784164146e+01
1.978318882784164146e+01 1.987459549580982809e+01
1.987459549580982809e+01 1.996642450109793288e+01
1.996642450109793288e+01 2.005867779508233895e+01
2.005867779508233895e+01 2.015135733815557373e+01
2.015135733815557373e+01 2.024446509976803910e+01
2.024446509976803910e+01 2.033800305846980905e+01
2.033800305846980905e+01 2.043197320195270450e+01
2.043197320195270450e+01 2.052637752709252084e+01
2.052637752709252084e+01 2.062121803999143665e+01
2.062121803999143665e+01 2.071649675602068896e+01
2.071649675602068896e+01 2.081221569986338338e+01
2.081221569986338338e+01 2.090837690555749973e+01
2.090837690555749973e+01 2.100498241653915343e+01
2.100498241653915343e+01 2.110203428568595641e+01
2.110203428568595641e+01 2.119953457536071184e+01
2.119953457536071184e+01 2.129748535745519789e+01
2.129748535745519789e+01 2.139588871343421417e+01
2.139588871343421417e+01 2.149474673437980599e+01
2.149474673437980599e+01 2.159406152103566612e+01
2.159406152103566612e+01 2.169383518385184217e+01
2.169383518385184217e+01 2.179406984302954697e+01
2.179406984302954697e+01 2.189476762856620695e+01
2.189476762856620695e+01 2.199593068030074861e+01
2.199593068030074861e+01 2.209756114795901993e+01
2.209756114795901993e+01 2.219966119119954939e+01
2.219966119119954939e+01 2.230223297965937590e+01
2.230223297965937590e+01 2.240527869300018082e+01
2.240527869300018082e+01 2.250880052095461892e+01
2.250880052095461892e+01 2.261280066337278427e+01
2.261280066337278427e+01 2.271728133026904928e+01
2.271728133026904928e+01 2.282224474186897467e+01
2.282224474186897467e+01 2.292769312865648601e+01
2.292769312865648601e+01 2.303362873142131306e+01
2.303362873142131306e+01 2.314005380130652867e+01
2.314005380130652867e+01 2.324697059985647840e+01
2.324697059985647840e+01 2.335438139906479194e+01
2.335438139906479194e+01 2.346228848142262535e+01
2.346228848142262535e+01 2.357069413996727647e+01
2.357069413996727647e+01 2.367960067833077531e+01
2.367960067833077531e+01 2.378901041078893286e+01
2.378901041078893286e+01 2.389892566231050353e+01
2.389892566231050353e+01 2.400934876860651812e+01
2.400934876860651812e+01 2.412028207618006803e+01
2.412028207618006803e+01 2.423172794237599348e+01
2.423172794237599348e+01 2.434368873543110467e+01
2.434368873543110467e+01 2.445616683452446694e+01
2.445616683452446694e+01 2.456916462982790250e+01
2.456916462982790250e+01 2.468268452255692580e+01
2.468268452255692580e+01 2.479672892502158987e+01
2.479672892502158987e+01 2.491130026067788350e+01
2.491130026067788350e+01 2.502640096417919224e+01
2.502640096417919224e+01 2.514203348142796557e+01
2.514203348142796557e+01 2.525820026962784581e+01
2.525820026962784581e+01 2.537490379733570478e+01
2.537490379733570478e+01 2.549214654451423101e+01
2.549214654451423101e+01 2.560993100258459521e+01
2.560993100258459521e+01 2.572825967447933593e+01
2.572825967447933593e+01 2.584713507469563609e+01
2.584713507469563609e+01 2.596655972934870960e+01
2.596655972934870960e+01 2.608653617622547927e+01
2.608653617622547927e+01 2.620706696483852483e+01
2.620706696483852483e+01 2.632815465648021203e+01
2.632815465648021203e+01 2.644980182427719839e+01
2.644980182427719839e+01 2.657201105324505264e+01
2.657201105324505264e+01 2.669478494034320804e+01
2.669478494034320804e+01 2.681812609453015739e+01
2.681812609453015739e+01 2.694203713681883627e+01
2.694203713681883627e+01 2.706652070033241131e+01
2.706652070033241131e+01 2.719157943036017500e+01
2.719157943036017500e+01 2.731721598441376386e+01
2.731721598441376386e+01 2.744343303228365372e+01
2.744343303228365372e+01 2.757023325609583964e+01
2.757023325609583964e+01 2.769761935036891032e+01
2.769761935036891032e+01 2.782559402207124322e+01
2.782559402207124322e+01 2.795415999067856561e+01
2.795415999067856561e+01 2.808331998823172526e+01
2.808331998823172526e+01 2.821307675939472048e+01
2.821307675939472048e+01 2.834343306151309250e+01
2.834343306151309250e+01 2.847439166467246352e+01
2.847439166467246352e+01 2.860595535175741944e+01
2.860595535175741944e+01 2.873812691851066248e+01
2.873812691851066248e+01 2.887090917359236286e+01
2.887090917359236286e+01 2.900430493863991543e+01
2.900430493863991543e+01 2.913831704832787040e+01
2.913831704832787040e+01 2.927294835042815890e+01
2.927294835042815890e+01 2.940820170587063842e+01
2.940820170587063842e+01 2.954407998880381214e+01
2.954407998880381214e+01 2.968058608665602449e+01
2.968058608665602449e+01 2.981772290019671701e+01
2.981772290019671701e+01 2.995549334359813187e+01
2.995549334359813187e+01 3.009390034449721085e+01
3.009390034449721085e+01 3.023294684405777843e+01
3.023294684405777843e+01 3.037263579703311578e+01
3.037263579703311578e+01 3.051297017182869453e+01
3.051297017182869453e+01 3.065395295056526592e+01
3.065395295056526592e+01 3.079558712914226604e+01
3.079558712914226604e+01 3.093787571730138453e+01
3.093787571730138453e+01 3.108082173869063780e+01
3.108082173869063780e+01 3.122442823092856301e+01
3.122442823092856301e+01 3.136869824566876375e+01
3.136869824566876375e+01 3.151363484866479325e+01
3.151363484866479325e+01 3.165924111983522238e+01
3.165924111983522238e+01 3.180552015332919780e+01
3.180552015332919780e+01 3.195247505759212103e+01
3.195247505759212103e+01 3.210010895543171472e+01
3.210010895543171472e+01 3.224842498408442282e+01
3.224842498408442282e+01 3.239742629528197426e+01
3.239742629528197426e+01 3.254711605531848306e+01
3.254711605531848306e+01 3.269749744511766210e+01
3.269749744511766210e+01 3.284857366030043835e+01
3.284857366030043835e+01 3.300034791125285238e+01
3.300034791125285238e+01 3.315282342319424913e+01
3.315282342319424913e+01 3.330600343624588788e+01
3.330600343624588788e+01 3.345989120549972995e+01
3.345989120549972995e+01 3.361449000108765262e+01
3.361449000108765262e+01 3.376980310825091181e+01
3.376980310825091181e+01 3.392583382740993869e+01
3.392583382740993869e+01 3.408258547423452001e+01
3.408258547423452001e+01 3.424006137971424124e+01
3.424006137971424124e+01 3.439826489022924250e+01
3.439826489022924250e+01 3.455719936762139355e+01
3.455719936762139355e+01 3.471686818926561102e+01
3.471686818926561102e+01 3.487727474814177242e+01
3.487727474814177242e+01 3.503842245290673674e+01
3.503842245290673674e+01 3.520031472796679139e+01
3.520031472796679139e+01 3.536295501355042603e+01
3.536295501355042603e+01 3.552634676578141182e+01
3.552634676578141182e+01 3.569049345675229290e+01
3.569049345675229290e+01 3.585539857459816915e+01
3.585539857459816915e+01 3.602106562357069919e+01
3.602106562357069919e+01 3.618749812411280686e+01
3.618749812411280686e+01 3.635469961293319585e+01
3.635469961293319585e+01 3.652267364308175246e+01
3.652267364308175246e+01 3.669142378402494131e+01
3.669142378402494131e+01 3.686095362172157763e+01
3.686095362172157763e+01 3.703126675869926743e+01
3.703126675869926743e+01 3.720236681413067714e+01
3.720236681413067714e+01 3.737425742391064176e+01
3.737425742391064176e+01 3.754694224073336528e+01
3.754694224073336528e+01 3.772042493416997644e+01
3.772042493416997644e+01 3.789470919074667421e+01
3.789470919074667421e+01 3.806979871402285909e+01
3.806979871402285909e+01 3.824569722466998911e+01
3.824569722466998911e+01 3.842240846055060643e+01
3.842240846055060643e+01 3.859993617679766942e+01
3.859993617679766942e+01 3.877828414589457395e+01
3.877828414589457395e+01 3.895745615775503268e+01
3.895745615775503268e+01 3.913745601980384237e+01
3.913745601980384237e+01 3.931828755705770106e+01
3.931828755705770106e+01 3.949995461220643023e+01
3.949995461220643023e+01 3.968246104569481503e+01
3.968246104569481503e+01 3.986581073580440915e+01
3.986581073580440915e+01 4.005000757873611406e+01
4.005000757873611406e+01 4.023505548869292880e+01
4.023505548869292880e+01 4.042095839796306223e+01
4.042095839796306223e+01 4.060772025700365617e+01
4.060772025700365617e+01 4.079534503452450878e+01
4.079534503452450878e+01 4.098383671757261482e+01
4.098383671757261482e+01 4.117319931161679136e+01
4.117319931161679136e+01 4.136343684063273685e+01
4.136343684063273685e+01 4.155455334718875093e+01
4.155455334718875093e+01 4.174655289253136914e+01
4.174655289253136914e+01 4.193943955667186430e+01
4.193943955667186430e+01 4.213321743847289014e+01
4.213321743847289014e+01 4.232789065573548726e+01
4.232789065573548726e+01 4.252346334528682092e+01
4.252346334528682092e+01 4.271993966306779100e+01
4.271993966306779100e+01 4.291732378422157268e+01
4.291732378422157268e+01 4.311561990318228510e+01
4.311561990318228510e+01 4.331483223376398684e+01
4.331483223376398684e+01 4.351496500925049560e+01
4.351496500925049560e+01 4.371602248248504452e+01
4.371602248248504452e+01 4.391800892596086214e+01
4.391800892596086214e+01 4.412092863191190162e+01
4.412092863191190162e+01 4.432478591240396071e+01
4.432478591240396071e+01 4.452958509942655496e+01
4.452958509942655496e+01 4.473533054498465589e+01
4.473533054498465589e+01 4.494202662119142389e+01
4.494202662119142389e+01 4.514967772036101934e+01
4.514967772036101934e+01 4.535828825510186135e+01
4.535828825510186135e+01 4.556786265841063965e+01
4.556786265841063965e+01 4.577840538376618440e+01
4.577840538376618440e+01 4.598992090522438048e+01
4.598992090522438048e+01 4.620241371751313153e+01
4.620241371751313153e+01 4.641588833612777165e+01
4.641588833612777165e+01 4.663034929742731549e+01
4.663034929742731549e+01 4.684580115873047390e+01
4.684580115873047390e+01 4.706224849841281355e+01
4.706224849841281355e+01 4.727969591600390942e+01
4.727969591600390942e+01 4.749814803228499471e+01
4.749814803228499471e+01 4.771760948938745628e+01
4.771760948938745628e+01 4.793808495089109556e+01
4.793808495089109556e+01 4.815957910192350511e+01
4.815957910192350511e+01 4.838209664925957298e+01
4.838209664925957298e+01 4.860564232142133534e+01
4.860564232142133534e+01 4.883022086877879531e+01
4.883022086877879531e+01 4.905583706365047902e+01
4.905583706365047902e+01 4.928249570040513561e+01
4.928249570040513561e+01 4.951020159556351530e+01
4.951020159556351530e+01 4.973895958790062366e+01
4.973895958790062366e+01 4.996877453854884266e+01
4.996877453854884266e+01 5.019965133110081723e+01
5.019965133110081723e+01 5.043159487171358535e+01
5.043159487171358535e+01 5.066461008921268672e+01
5.066461008921268672e+01 5.089870193519679731e+01
5.089870193519679731e+01 5.113387538414325917e+01
5.113387538414325917e+01 5.137013543351341127e+01
5.137013543351341127e+01 5.160748710385907856e+01
5.160748710385907856e+01 5.184593543892913203e+01
5.184593543892913203e+01 5.208548550577660308e+01
5.208548550577660308e+01 5.232614239486662200e+01
5.232614239486662200e+01 5.256791122018422158e+01
5.256791122018422158e+01 5.281079711934330589e+01
5.281079711934330589e+01 5.305480525369573996e+01
5.305480525369573996e+01 5.329994080844087989e+01
5.329994080844087989e+01 5.354620899273607648e+01
5.354620899273607648e+01 5.379361503980700121e+01
5.379361503980700121e+01 5.404216420705915169e+01
5.404216420705915169e+01 5.429186177618942821e+01
5.429186177618942821e+01 5.454271305329833552e+01
5.454271305329833552e+01 5.479472336900287388e+01
5.479472336900287388e+01 5.504789807854970718e+01
5.504789807854970718e+01 5.530224256192899901e+01
5.530224256192899901e+01 5.555776222398877451e+01
5.555776222398877451e+01 5.581446249454963748e+01
5.581446249454963748e+01 5.607234882852032598e+01
5.607234882852032598e+01 5.633142670601354496e+01
5.633142670601354496e+01 5.659170163246242424e+01
5.659170163246242424e+01 5.685317913873753071e+01
5.685317913873753071e+01 5.711586478126432098e+01
5.711586478126432098e+01 5.737976414214134024e+01
5.737976414214134024e+01 5.764488282925876206e+01
5.764488282925876206e+01 5.791122647641758192e+01
5.791122647641758192e+01 5.817880074344935082e+01
5.817880074344935082e+01 5.844761131633634932e+01
5.844761131633634932e+01 5.871766390733255747e+01
5.871766390733255747e+01 5.898896425508496577e+01
5.898896425508496577e+01 5.926151812475552560e+01
5.926151812475552560e+01 5.953533130814370367e+01
5.953533130814370367e+01 5.981040962380941295e+01
5.981040962380941295e+01 6.008675891719686746e+01
6.008675891719686746e+01 6.036438506075867139e+01
6.036438506075867139e+01 6.064329395408061885e+01
6.064329395408061885e+01 6.092349152400711887e+01
6.092349152400711887e+01 6.120498372476699700e+01
6.120498372476699700e+01 6.148777653810022770e+01
6.148777653810022770e+01 6.177187597338491543e+01
6.177187597338491543e+01 6.205728806776500761e+01
6.205728806776500761e+01 6.234401888627863997e+01
6.234401888627863997e+01 6.263207452198689396e+01
6.263207452198689396e+01 6.292146109610344240e+01
6.292146109610344240e+01 6.321218475812451487e+01
6.321218475812451487e+01 6.350425168595962333e+01
6.350425168595962333e+01 6.379766808606282069e+01
6.379766808606282069e+01 6.409244019356454203e+01
6.409244019356454203e+01 6.438857427240419895e+01
6.438857427240419895e+01 6.468607661546327847e+01
6.468607661546327847e+01 6.498495354469888241e+01
6.498495354469888241e+01 6.528521141127846761e+01
6.528521141127846761e+01 6.558685659571432325e+01
6.558685659571432325e+01 6.588989550799949768e+01
6.588989550799949768e+01 6.619433458774395262e+01
6.619433458774395262e+01 6.650018030431118632e+01
6.650018030431118632e+01 6.680743915695614987e+01
6.680743915695614987e+01 6.711611767496283676e+01
6.711611767496283676e+01 6.742622241778342129e+01
6.742622241778342129e+01 6.773775997517752501e+01
6.773775997517752501e+01 6.805073696735206568e+01
6.805073696735206568e+01 6.836516004510238531e+01
6.836516004510238531e+01 6.868103588995303710e+01
6.868103588995303710e+01 6.899837121430017817e+01
6.899837121430017817e+01 6.931717276155407603e+01
6.931717276155407603e+01 6.963744730628222612e+01
6.963744730628222612e+01 6.995920165435374827e+01
6.995920165435374827e+01 7.028244264308348477e+01
7.028244264308348477e+01 7.060717714137773271e+01
7.060717714137773271e+01 7.093341204987996207e+01
7.093341204987996207e+01 7.126115430111745752e+01
7.126115430111745752e+01 7.159041085964888396e+01
7.159041085964888396e+01 7.192118872221189463e+01
7.192118872221189463e+01 7.225349491787214617e+01
7.225349491787214617e+01 7.258733650817252681e+01
7.258733650817252681e+01 7.292272058728312345e+01
7.292272058728312345e+01 7.325965428215229736e+01
7.325965428215229736e+01 7.359814475265767442e+01
7.359814475265767442e+01 7.393819919175865607e+01
7.393819919175865607e+01 7.427982482564918598e+01
7.427982482564918598e+01 7.462302891391108517e+01
7.462302891391108517e+01 7.496781874966876558e+01
7.496781874966876558e+01 7.531420165974371628e+01
7.531420165974371628e+01 7.566218500481055287e+01
7.566218500481055287e+01 7.601177617955330845e+01
7.601177617955330845e+01 7.636298261282242095e+01
7.636298261282242095e+01 7.671581176779302780e+01
7.671581176779302780e+01 7.707027114212299068e+01
7.707027114212299068e+01 7.742636826811269657e+01
7.742636826811269657e+01 7.778411071286490142e+01
7.778411071286490142e+01 7.814350607844542651e+01
7.814350607844542651e+01 7.850456200204509116e+01
7.850456200204509116e+01 7.886728615614151749e+01
7.886728615614151749e+01 7.923168624866254106e+01
7.923168624866254106e+01 7.959777002314986305e+01
7.959777002314986305e+01 7.996554525892345566e+01
7.996554525892345566e+01 8.033501977124734594e+01
8.033501977124734594e+01 8.070620141149503013e+01
8.070620141149503013e+01 8.107909806731686331e+01
8.107909806731686331e+01 8.145371766280744907e+01
8.145371766280744907e+01 8.183006815867389605e+01
8.183006815867389605e+01 8.220815755240541023e+01
8.220815755240541023e+01 8.258799387844267414e+01
8.258799387844267414e+01 8.296958520834907347e+01
8.296958520834907347e+01 8.335293965098195201e+01
8.335293965098195201e+01 8.373806535266488993e+01
8.373806535266488993e+01 8.412497049736118981e+01
8.412497049736118981e+01 8.451366330684717809e+01
8.451366330684717809e+01 8.490415204088746748e+01
8.490415204088746748e+01 8.529644499741024788e+01
8.529644499741024788e+01 8.569055051268347256e+01
8.569055051268347256e+01 8.608647696149245121e+01
8.608647696149245121e+01 8.648423275731721560e+01
8.648423275731721560e+01 8.688382635251184638e+01
8.688382635251184638e+01 8.728526623848379984e+01
8.728526623848379984e+01 8.768856094587427208e+01
8.768856094587427208e+01 8.809371904473991322e+01
8.809371904473991322e+01 8.850074914473434262e+01
8.850074914473434262e+01 8.890965989529158264e+01
8.890965989529158264e+01 8.932045998580969126e+01
8.932045998580969126e+01 8.973315814583520478e+01
8.973315814583520478e+01 9.014776314524917211e+01
9.014776314524917211e+01 9.056428379445289067e+01
9.056428379445289067e+01 9.098272894455558912e+01
9.098272894455558912e+01 9.140310748756232329e+01
9.140310748756232329e+01 9.182542835656282421e+01
9.182542835656282421e+01 9.224970052592173886e+01
9.224970052592173886e+01 9.267593301146878559e+01
9.267593301146878559e+01 9.310413487069075700e+01
9.310413487069075700e+01 9.353431520292386381e+01
9.353431520292386381e+01 9.396648314954690306e+01
9.396648314954690306e+01 9.440064789417603208e+01
9.440064789417603208e+01 9.483681866285922979e+01
9.483681866285922979e+01 9.527500472427290390e+01
9.527500472427290390e+01 9.571521538991865441e+01
9.571521538991865441e+01 9.615746001432096079e+01
9.615746001432096079e+01 9.660174799522646083e+01
9.660174799522646083e+01 9.704808877380301624e+01
9.704808877380301624e+01 9.749649183484086734e+01
9.749649183484086734e+01 9.794696670695395824e+01
9.794696670695395824e+01 9.839952296278231358e+01
9.839952296278231358e+01 9.885417021919573699e+01
9.885417021919573699e+01 9.931091813749794994e+01
9.931091813749794994e+01 9.976977642363200971e+01
9.976977642363200971e+01 1.002307548283865373e+02
1.002307548283865373e+02 1.006938631476027126e+02
1.006938631476027126e+02 1.011591112223829754e+02
1.011591112223829754e+02 1.016265089392995122e+02
1.016265089392995122e+02 1.020960662306046487e+02
1.020960662306046487e+02 1.025677930744421928e+02
1.025677930744421928e+02 1.030416994950587508e+02
1.030416994950587508e+02 1.035177955630176285e+02
1.035177955630176285e+02 1.039960913954120372e+02
1.039960913954120372e+02 1.044765971560804161e+02
1.044765971560804161e+02 1.049593230558227646e+02
1.049593230558227646e+02 1.054442793526168458e+02
1.054442793526168458e+02 1.059314763518370057e+02
1.059314763518370057e+02 1.064209244064724658e+02
1.064209244064724658e+02 1.069126339173476055e+02
1.069126339173476055e+02 1.074066153333433391e+02
1.074066153333433391e+02 1.079028791516183645e+02
1.079028791516183645e+02 1.084014359178330977e+02
1.084014359178330977e+02 1.089022962263730534e+02
1.089022962263730534e+02 1.094054707205742432e+02
1.094054707205742432e+02 1.099109700929497251e+02
1.099109700929497251e+02 1.104188050854160252e+02
1.104188050854160252e+02 1.109289864895222735e+02
1.109289864895222735e+02 1.114415251466788135e+02
1.114415251466788135e+02 1.119564319483878307e+02
1.119564319483878307e+02 1.124737178364751884e+02
1.124737178364751884e+02 1.129933938033221636e+02
1.129933938033221636e+02 1.135154708920998985e+02
1.135154708920998985e+02 1.140399601970033103e+02
1.140399601970033103e+02 1.145668728634871485e+02
1.145668728634871485e+02 1.150962200885032303e+02
1.150962200885032303e+02 1.156280131207375348e+02
1.156280131207375348e+02 1.161622632608501817e+02
1.161622632608501817e+02 1.166989818617147421e+02
1.166989818617147421e+02 1.172381803286598512e+02
1.172381803286598512e+02 1.177798701197119300e+02
1.177798701197119300e+02 1.183240627458378071e+02
1.183240627458378071e+02 1.188707697711903251e+02
1.188707697711903251e+02 1.194200028133532498e+02
1.194200028133532498e+02 1.199717735435884265e+02
1.199717735435884265e+02 1.205260936870842556e+02
1.205260936870842556e+02 1.210829750232039430e+02
1.210829750232039430e+02 1.216424293857368042e+02
1.216424293857368042e+02 1.222044686631488730e+02
1.222044686631488730e+02 1.227691047988359117e+02
1.227691047988359117e+02 1.233363497913776001e+02
1.233363497913776001e+02 1.239062156947915696e+02
1.239062156947915696e+02 1.244787146187906188e+02
1.244787146187906188e+02 1.250538587290391348e+02
1.250538587290391348e+02 1.256316602474121424e+02
1.256316602474121424e+02 1.262121314522547380e+02
1.262121314522547380e+02 1.267952846786433980e+02
1.267952846786433980e+02 1.273811323186478432e+02
1.273811323186478432e+02 1.279696868215941663e+02
1.279696868215941663e+02 1.285609606943296512e+02
1.285609606943296512e+02 1.291549665014883885e+02
1.291549665014883885e+02 1.297517168657586808e+02
1.297517168657586808e+02 1.303512244681508889e+02
1.303512244681508889e+02 1.309535020482667562e+02
1.309535020482667562e+02 1.315585624045705231e+02
1.315585624045705231e+02 1.321664183946605249e+02
1.321664183946605249e+02 1.327770829355428930e+02
1.327770829355428930e+02 1.333905690039058811e+02
1.333905690039058811e+02 1.340068896363950728e+02
1.340068896363950728e+02 1.346260579298910898e+02
1.346260579298910898e+02 1.352480870417875281e+02
1.352480870417875281e+02 1.358729901902709116e+02
1.358729901902709116e+02 1.365007806546013853e+02
1.365007806546013853e+02 1.371314717753945729e+02
1.371314717753945729e+02 1.377650769549055099e+02
1.377650769549055099e+02 1.384016096573131449e+02
1.384016096573131449e+02 1.390410834090069727e+02
1.390410834090069727e+02 1.396835117988739796e+02
1.396835117988739796e+02 1.403289084785873229e+02
1.403289084785873229e+02 1.409772871628967721e+02
1.409772871628967721e+02 1.416286616299198897e+02
1.416286616299198897e+02 1.422830457214352009e+02
1.422830457214352009e+02 1.429404533431761024e+02
1.429404533431761024e+02 1.436008984651260789e+02
1.436008984651260789e+02 1.442643951218158804e+02
1.442643951218158804e+02 1.449309574126216660e+02
1.449309574126216660e+02 1.456005995020648527e+02
1.456005995020648527e+02 1.462733356201129880e+02
1.462733356201129880e+02 1.469491800624817301e+02
1.469491800624817301e+02 1.476281471909391030e+02
1.476281471909391030e+02 1.483102514336104321e+02
1.483102514336104321e+02 1.489955072852853561e+02
1.489955072852853561e+02 1.496839293077255491e+02
1.496839293077255491e+02 1.503755321299738341e+02
1.503755321299738341e+02 1.510703304486655725e+02
1.510703304486655725e+02 1.517683390283405345e+02
1.517683390283405345e+02 1.524695727017573006e+02
1.524695727017573006e+02 1.531740463702079751e+02
1.531740463702079751e+02 1.538817750038346333e+02
1.538817750038346333e+02 1.545927736419478435e+02
1.545927736419478435e+02 1.553070573933460139e+02
1.553070573933460139e+02 1.560246414366367844e+02
1.560246414366367844e+02 1.567455410205595001e+02
1.567455410205595001e+02 1.574697714643086783e+02
1.574697714643086783e+02 1.581973481578601479e+02
1.581973481578601479e+02 1.589282865622977852e+02
1.589282865622977852e+02 1.596626022101425235e+02
1.596626022101425235e+02 1.604003107056819886e+02
1.604003107056819886e+02 1.611414277253019804e+02
1.611414277253019804e+02 1.618859690178199173e+02
1.618859690178199173e+02 1.626339504048192168e+02
1.626339504048192168e+02 1.633853877809860364e+02
1.633853877809860364e+02 1.641402971144466392e+02
1.641402971144466392e+02 1.648986944471064930e+02
1.648986944471064930e+02 1.656605958949915305e+02
1.656605958949915305e+02 1.664260176485903457e+02
1.664260176485903457e+02 1.671949759731988365e+02
1.671949759731988365e+02 1.679674872092653288e+02
1.679674872092653288e+02 1.687435677727375776e+02
1.687435677727375776e+02 1.695232341554121263e+02
1.695232341554121263e+02 1.703065029252844340e+02
1.703065029252844340e+02 1.710933907269013332e+02
1.710933907269013332e+02 1.718839142817145671e+02
1.718839142817145671e+02 1.726780903884356064e+02
1.726780903884356064e+02 1.734759359233932514e+02
1.734759359233932514e+02 1.742774678408919158e+02
1.742774678408919158e+02 1.750827031735723267e+02
1.750827031735723267e+02 1.758916590327732479e+02
1.758916590327732479e+02 1.767043526088946521e+02
1.767043526088946521e+02 1.775208011717635941e+02
1.775208011717635941e+02 1.783410220710008218e+02
1.783410220710008218e+02 1.791650327363899464e+02
1.791650327363899464e+02 1.799928506782476347e+02
1.799928506782476347e+02 1.808244934877951664e+02
1.808244934877951664e+02 1.816599788375328615e+02
1.816599788375328615e+02 1.824993244816152469e+02
1.824993244816152469e+02 1.833425482562288948e+02
1.833425482562288948e+02 1.841896680799710850e+02
1.841896680799710850e+02 1.850407019542302010e+02
1.850407019542302010e+02 1.858956679635688261e+02
1.858956679635688261e+02 1.867545842761076074e+02
1.867545842761076074e+02 1.876174691439119613e+02
1.876174691439119613e+02 1.884843409033795467e+02
1.884843409033795467e+02 1.893552179756295288e+02
1.893552179756295288e+02 1.902301188668945713e+02
1.902301188668945713e+02 1.911090621689137947e+02
1.911090621689137947e+02 1.919920665593282934e+02
1.919920665593282934e+02 1.928791508020777599e+02
1.928791508020777599e+02 1.937703337477989010e+02
1.937703337477989010e+02 1.946656343342263256e+02
1.946656343342263256e+02 1.955650715865949110e+02
1.955650715865949110e+02 1.964686646180444427e+02
1.964686646180444427e+02 1.973764326300255334e+02
1.973764326300255334e+02 1.982883949127071332e+02
1.982883949127071332e+02 1.992045708453871384e+02
1.992045708453871384e+02 2.001249798969037101e+02
2.001249798969037101e+02 2.010496416260496915e+02
2.010496416260496915e+02 2.019785756819878486e+02
2.019785756819878486e+02 2.029118018046678174e+02
2.029118018046678174e+02 2.038493398252464317e+02
2.038493398252464317e+02 2.047912096665085357e+02
2.047912096665085357e+02 2.057374313432911492e+02
2.057374313432911492e+02 2.066880249629082016e+02
2.066880249629082016e+02 2.076430107255774828e+02
2.076430107255774828e+02 2.086024089248504936e+02
2.086024089248504936e+02 2.095662399480432896e+02
2.095662399480432896e+02 2.105345242766703961e+02
2.105345242766703961e+02 2.115072824868794612e+02
2.115072824868794612e+02 2.124845352498882960e+02
2.124845352498882960e+02 2.134663033324245589e+02
2.134663033324245589e+02 2.144526075971667467e+02
2.144526075971667467e+02 2.154434690031882269e+02
2.154434690031882269e+02 2.164389086064020375e+02
2.164389086064020375e+02 2.174389475600079891e+02
2.174389475600079891e+02 2.184436071149428358e+02
2.184436071149428358e+02 2.194529086203313568e+02
2.194529086203313568e+02 2.204668735239407624e+02
2.204668735239407624e+02 2.214855233726359245e+02
2.214855233726359245e+02 2.225088798128369376e+02
2.225088798128369376e+02 2.235369645909796645e+02
2.235369645909796645e+02 2.245697995539773899e+02
2.245697995539773899e+02 2.256074066496859132e+02
2.256074066496859132e+02 2.266498079273692952e+02
2.266498079273692952e+02 2.276970255381679920e+02
2.276970255381679920e+02 2.287490817355703996e+02
2.287490817355703996e+02 2.298059988758851091e+02
2.298059988758851091e+02 2.308677994187167428e+02
2.308677994187167428e+02 2.319345059274427570e+02
2.319345059274427570e+02 2.330061410696924611e+02
2.330061410696924611e+02 2.340827276178294198e+02
2.340827276178294198e+02 2.351642884494348493e+02
2.351642884494348493e+02 2.362508465477945094e+02
2.362508465477945094e+02 2.373424250023866193e+02
2.373424250023866193e+02 2.384390470093720467e+02
2.384390470093720467e+02 2.395407358720879358e+02
2.395407358720879358e+02 2.406475150015424163e+02
2.406475150015424163e+02 2.417594079169128349e+02
2.417594079169128349e+02 2.428764382460450406e+02
2.428764382460450406e+02 2.439986297259550270e+02
2.439986297259550270e+02 2.451260062033339864e+02
2.451260062033339864e+02 2.462585916350546711e+02
2.462585916350546711e+02 2.473964100886811650e+02
2.473964100886811650e+02 2.485394857429798492e+02
2.485394857429798492e+02 2.496878428884326695e+02
2.496878428884326695e+02 2.508415059277541275e+02
2.508415059277541275e+02 2.520004993764092092e+02
2.520004993764092092e+02 2.531648478631352930e+02
2.531648478631352930e+02 2.543345761304648249e+02
2.543345761304648249e+02 2.555097090352506939e+02
2.555097090352506939e+02 2.566902715491951881e+02
2.566902715491951881e+02 2.578762887593800883e+02
2.578762887593800883e+02 2.590677858688006268e+02
2.590677858688006268e+02 2.602647881969004402e+02
2.602647881969004402e+02 2.614673211801091952e+02
2.614673211801091952e+02 2.626754103723838512e+02
2.626754103723838512e+02 2.638890814457510601e+02
2.638890814457510601e+02 2.651083601908536025e+02
2.651083601908536025e+02 2.663332725174980737e+02
2.663332725174980737e+02 2.675638444552045030e+02
2.675638444552045030e+02 2.688001021537607471e+02
2.688001021537607471e+02 2.700420718837772824e+02
2.700420718837772824e+02 2.712897800372464303e+02
2.712897800372464303e+02 2.725432531281027764e+02
2.725432531281027764e+02 2.738025177927857499e+02
2.738025177927857499e+02 2.750676007908067504e+02
2.750676007908067504e+02 2.763385290053169570e+02
2.763385290053169570e+02 2.776153294436797978e+02
2.776153294436797978e+02 2.788980292380439323e+02
2.788980292380439323e+02 2.801866556459195294e+02
2.801866556459195294e+02 2.814812360507581275e+02
2.814812360507581275e+02 2.827817979625340854e+02
2.827817979625340854e+02 2.840883690183301269e+02
2.840883690183301269e+02 2.854009769829237371e+02
2.854009769829237371e+02 2.867196497493769698e+02
2.867196497493769698e+02 2.880444153396297793e+02
2.880444153396297793e+02 2.893753019050950570e+02
2.893753019050950570e+02 2.907123377272575340e+02
2.907123377272575340e+02 2.920555512182745019e+02
2.920555512182745019e+02 2.934049709215786947e+02
2.934049709215786947e+02 2.947606255124858876e+02
2.947606255124858876e+02 2.961225437988034628e+02
2.961225437988034628e+02 2.974907547214440342e+02
2.974907547214440342e+02 2.988652873550382765e+02
2.988652873550382765e+02 3.002461709085549160e+02
3.002461709085549160e+02 3.016334347259196988e+02
3.016334347259196988e+02 3.030271082866396455e+02
3.030271082866396455e+02 3.044272212064302607e+02
3.044272212064302607e+02 3.058338032378431421e+02
3.058338032378431421e+02 3.072468842709003525e+02
3.072468842709003525e+02 3.086664943337274281e+02
3.086664943337274281e+02 3.100926635931926398e+02
3.100926635931926398e+02 3.115254223555488124e+02
3.115254223555488124e+02 3.129648010670750296e+02
3.129648010670750296e+02 3.144108303147264678e+02
3.144108303147264678e+02 3.158635408267819003e+02
3.158635408267819003e+02 3.173229634734976230e+02
3.173229634734976230e+02 3.187891292677645652e+02
3.187891292677645652e+02 3.202620693657650008e+02
3.202620693657650008e+02 3.217418150676371624e+02
3.217418150676371624e+02 3.232283978181380917e+02
3.232283978181380917e+02 3.247218492073128573e+02
3.247218492073128573e+02 3.262222009711670125e+02
3.262222009711670125e+02 3.277294849923382003e+02
3.277294849923382003e+02 3.292437333007769098e+02
3.292437333007769098e+02 3.307649780744242776e+02
3.307649780744242776e+02 3.322932516398971643e+02
3.322932516398971643e+02 3.338285864731760739e+02
3.338285864731760739e+02 3.353710152002929021e+02
3.353710152002929021e+02 3.369205705980266998e+02
3.369205705980266998e+02 3.384772855945982997e+02
3.384772855945982997e+02 3.400411932703706270e+02
3.400411932703706270e+02 3.416123268585528194e+02
3.416123268585528194e+02 3.431907197459042891e+02
3.431907197459042891e+02 3.447764054734464025e+02
3.447764054734464025e+02 3.463694177371734213e+02
3.463694177371734213e+02 3.479697903887691268e+02
3.479697903887691268e+02 3.495775574363275382e+02
3.495775574363275382e+02 3.511927530450727772e+02
3.511927530450727772e+02 3.528154115380883127e+02
3.528154115380883127e+02 3.544455673970435328e+02
3.544455673970435328e+02 3.560832552629277643e+02
3.560832552629277643e+02 3.577285099367873613e+02
3.577285099367873613e+02 3.593813663804625662e+02
3.593813663804625662e+02 3.610418597173337503e+02
3.610418597173337503e+02 3.627100252330648118e+02
3.627100252330648118e+02 3.643858983763544188e+02
3.643858983763544188e+02 3.660695147596902643e+02
3.660695147596902643e+02 3.677609101601030943e+02
3.677609101601030943e+02 3.694601205199302285e+02
3.694601205199302285e+02 3.711671819475766938e+02
3.711671819475766938e+02 3.728821307182833493e+02
3.728821307182833493e+02 3.746050032748992749e+02
3.746050032748992749e+02 3.763358362286532497e+02
3.763358362286532497e+02 3.780746663599348949e+02
3.780746663599348949e+02 3.798215306190735987e+02
3.798215306190735987e+02 3.815764661271248315e+02
3.815764661271248315e+02 3.833395101766601556e+02
3.833395101766601556e+02 3.851107002325568942e+02
3.851107002325568942e+02 3.868900739327975771e+02
3.868900739327975771e+02 3.886776690892667716e+02
3.886776690892667716e+02 3.904735236885559857e+02
3.904735236885559857e+02 3.922776758927719243e+02
3.922776758927719243e+02 3.940901640403447459e+02
3.940901640403447459e+02 3.959110266468458690e+02
3.959110266468458690e+02 3.977403024058036749e+02
3.977403024058036749e+02 3.995780301895269417e+02
3.995780301895269417e+02 4.014242490499322003e+02
4.014242490499322003e+02 4.032789982193705214e+02
4.032789982193705214e+02 4.051423171114647062e+02
4.051423171114647062e+02 4.070142453219438607e+02
4.070142453219438607e+02 4.088948226294864412e+02
4.088948226294864412e+02 4.107840889965646625e+02
4.107840889965646625e+02 4.126820845702951601e+02
4.126820845702951601e+02 4.145888496832911301e+02
4.145888496832911301e+02 4.165044248545185042e+02
4.165044248545185042e+02 4.184288507901584353e+02
4.184288507901584353e+02 4.203621683844713743e+02
4.203621683844713743e+02 4.223044187206672291e+02
4.223044187206672291e+02 4.242556430717776834e+02
4.242556430717776834e+02 4.262158829015324955e+02
4.262158829015324955e+02 4.281851798652415368e+02
4.281851798652415368e+02 4.301635758106795038e+02
4.301635758106795038e+02 4.321511127789761986e+02
4.321511127789761986e+02 4.341478330055092556e+02
4.341478330055092556e+02 4.361537789208005620e+02
4.361537789208005620e+02 4.381689931514194427e+02
4.381689931514194427e+02 4.401935185208874373e+02
4.401935185208874373e+02 4.422273980505897271e+02
4.422273980505897271e+02 4.442706749606882681e+02
4.442706749606882681e+02 4.463233926710397554e+02
4.463233926710397554e+02 4.483855948021191011e+02
4.483855948021191011e+02 4.504573251759458685e+02
4.504573251759458685e+02 4.525386278170166747e+02
4.525386278170166747e+02 4.546295469532399238e+02
4.546295469532399238e+02 4.567301270168746896e+02
4.567301270168746896e+02 4.588404126454761354e+02
4.588404126454761354e+02 4.609604486828433778e+02
4.609604486828433778e+02 4.630902801799737176e+02
4.630902801799737176e+02 4.652299523960189163e+02
4.652299523960189163e+02 4.673795107992463613e+02
4.673795107992463613e+02 4.695390010680062574e+02
4.695390010680062574e+02 4.717084690917017156e+02
4.717084690917017156e+02 4.738879609717650965e+02
4.738879609717650965e+02 4.760775230226367967e+02
4.760775230226367967e+02 4.782772017727485263e+02
4.782772017727485263e+02 4.804870439655134078e+02
4.804870439655134078e+02 4.827070965603182913e+02
4.827070965603182913e+02 4.849374067335232894e+02
4.849374067335232894e+02 4.871780218794630741e+02
4.871780218794630741e+02 4.894289896114531757e+02
4.894289896114531757e+02 4.916903577628031030e+02
4.916903577628031030e+02 4.939621743878320785e+02
4.939621743878320785e+02 4.962444877628913673e+02
4.962444877628913673e+02 4.985373463873893911e+02
4.985373463873893911e+02 5.008407989848212196e+02
5.008407989848212196e+02 5.031548945038056786e+02
5.031548945038056786e+02 5.054796821191240497e+02
5.054796821191240497e+02 5.078152112327670693e+02
5.078152112327670693e+02 5.101615314749833487e+02
5.101615314749833487e+02 5.125186927053332511e+02
5.125186927053332511e+02 5.148867450137497599e+02
5.148867450137497599e+02 5.172657387216019060e+02
5.172657387216019060e+02 5.196557243827656976e+02
5.196557243827656976e+02 5.220567527846975509e+02
5.220567527846975509e+02 5.244688749495119282e+02
5.244688749495119282e+02 5.268921421350677292e+02
5.268921421350677292e+02 5.293266058360561601e+02
5.293266058360561601e+02 5.317723177850966749e+02
5.317723177850966749e+02 5.342293299538351903e+02
5.342293299538351903e+02 5.366976945540476436e+02
5.366976945540476436e+02 5.391774640387504860e+02
5.391774640387504860e+02 5.416686911033151546e+02
5.416686911033151546e+02 5.441714286865887971e+02
5.441714286865887971e+02 5.466857299720180663e+02
5.466857299720180663e+02 5.492116483887789400e+02
5.492116483887789400e+02 5.517492376129129070e+02
5.517492376129129070e+02 5.542985515684669053e+02
5.542985515684669053e+02 5.568596444286408769e+02
5.568596444286408769e+02 5.594325706169377099e+02
5.594325706169377099e+02 5.620173848083187522e+02
5.620173848083187522e+02 5.646141419303672819e+02
5.646141419303672819e+02 5.672228971644543662e+02
5.672228971644543662e+02 5.698437059469135875e+02
5.698437059469135875e+02 5.724766239702178154e+02
5.724766239702178154e+02 5.751217071841613233e+02
5.751217071841613233e+02 5.777790117970506572e+02
5.777790117970506572e+02 5.804485942768977793e+02
5.804485942768977793e+02 5.831305113526218520e+02
5.831305113526218520e+02 5.858248200152536356e+02
5.858248200152536356e+02 5.885315775191450030e+02
5.885315775191450030e+02 5.912508413831881171e+02
5.912508413831881171e+02 5.939826693920356320e+02
5.939826693920356320e+02 5.967271195973310114e+02
5.967271195973310114e+02 5.994842503189408944e+02
5.994842503189408944e+02 6.022541201461928040e+02
6.022541201461928040e+02 6.050367879391224051e+02
6.050367879391224051e+02 6.078323128297230369e+02
6.078323128297230369e+02 6.106407542232036576e+02
6.106407542232036576e+02 6.134621717992506547e+02
6.134621717992506547e+02 6.162966255132942024e+02
6.162966255132942024e+02 6.191441755977847379e+02
6.191441755977847379e+02 6.220048825634711420e+02
6.220048825634711420e+02 6.248788072006888115e+02
6.248788072006888115e+02 6.277660105806500042e+02
6.277660105806500042e+02 6.306665540567405515e+02
6.306665540567405515e+02 6.335804992658254378e+02
6.335804992658254378e+02 6.365079081295571086e+02
6.365079081295571086e+02 6.394488428556936697e+02
6.394488428556936697e+02 6.424033659394191318e+02
6.424033659394191318e+02 6.453715401646701366e+02
6.453715401646701366e+02 6.483534286054726863e+02
6.483534286054726863e+02 6.513490946272802375e+02
6.513490946272802375e+02 6.543586018883229372e+02
6.543586018883229372e+02 6.573820143409585626e+02
6.573820143409585626e+02 6.604193962330305112e+02
6.604193962330305112e+02 6.634708121092351121e+02
6.634708121092351121e+02 6.665363268124913247e+02
6.665363268124913247e+02 6.696160054853215797e+02
6.696160054853215797e+02 6.727099135712336420e+02
6.727099135712336420e+02 6.758181168161110008e+02
6.758181168161110008e+02 6.789406812696112183e+02
6.789406812696112183e+02 6.820776732865684835e+02
6.820776732865684835e+02 6.852291595284057166e+02
6.852291595284057166e+02 6.883952069645496294e+02
6.883952069645496294e+02 6.915758828738524926e+02
6.915758828738524926e+02 6.947712548460240214e+02
6.947712548460240214e+02 6.979813907830659900e+02
6.979813907830659900e+02 7.012063589007176461e+02
7.012063589007176461e+02 7.044462277299037396e+02
7.044462277299037396e+02 7.077010661181889191e+02
7.077010661181889191e+02 7.109709432312438366e+02
7.109709432312438366e+02 7.142559285543126180e+02
7.142559285543126180e+02 7.175560918936921553e+02
7.175560918936921553e+02 7.208715033782135606e+02
7.208715033782135606e+02 7.242022334607315770e+02
7.242022334607315770e+02 7.275483529196233121e+02
7.275483529196233121e+02 7.309099328602910646e+02
7.309099328602910646e+02 7.342870447166758368e+02
7.342870447166758368e+02 7.376797602527731215e+02
7.376797602527731215e+02 7.410881515641569877e+02
7.410881515641569877e+02 7.445122910795142843e+02
7.445122910795142843e+02 7.479522515621821412e+02
7.479522515621821412e+02 7.514081061116961564e+02
7.514081061116961564e+02 7.548799281653431308e+02
7.548799281653431308e+02 7.583677914997190328e+02
7.583677914997190328e+02 7.618717702322999230e+02
7.618717702322999230e+02 7.653919388230148115e+02
7.653919388230148115e+02 7.689283720758305662e+02
7.689283720758305662e+02 7.724811451403400042e+02
7.724811451403400042e+02 7.760503335133571454e+02
7.760503335133571454e+02 7.796360130405237214e+02
7.796360130405237214e+02 7.832382599179196632e+02
7.832382599179196632e+02 7.868571506936843889e+02
7.868571506936843889e+02 7.904927622696420713e+02
7.904927622696420713e+02 7.941451719029339529e+02
7.941451719029339529e+02 7.978144572076629402e+02
7.978144572076629402e+02 8.015006961565404708e+02
8.015006961565404708e+02 8.052039670825470239e+02
8.052039670825470239e+02 8.089243486805937664e+02
8.089243486805937664e+02 8.126619200091945459e+02
8.126619200091945459e+02 8.164167604921472048e+02
8.164167604921472048e+02 8.201889499202203524e+02
8.201889499202203524e+02 8.239785684528511638e+02
8.239785684528511638e+02 8.277856966198472719e+02
8.277856966198472719e+02 8.316104153230961629e+02
8.316104153230961629e+02 8.354528058382871905e+02
8.354528058382871905e+02 8.393129498166364328e+02
8.393129498166364328e+02 8.431909292866250780e+02
8.431909292866250780e+02 8.470868266557401967e+02
8.470868266557401967e+02 8.510007247122246099e+02
8.510007247122246099e+02 8.549327066268384669e+02
8.549327066268384669e+02 8.588828559546249153e+02
8.588828559546249153e+02 8.628512566366887313e+02
8.628512566366887313e+02 8.668379930019773383e+02
8.668379930019773383e+02 8.708431497690723972e+02
8.708431497690723972e+02 8.748668120479914023e+02
8.748668120479914023e+02 8.789090653419954151e+02
8.789090653419954151e+02 8.829699955494082815e+02
8.829699955494082815e+02 8.870496889654402821e+02
8.870496889654402821e+02 8.911482322840201959e+02
8.911482322840201959e+02 8.952657125996400964e+02
8.952657125996400964e+02 8.994022174092044679e+02
8.994022174092044679e+02 9.035578346138920551e+02
9.035578346138920551e+02 9.077326525210223735e+02
9.077326525210223735e+02 9.119267598459298370e+02
9.119267598459298370e+02 9.161402457138520958e+02
9.161402457138520958e+02 9.203731996618221274e+02
9.203731996618221274e+02 9.246257116405733996e+02
9.246257116405733996e+02 9.288978720164498100e+02
9.288978720164498100e+02 9.331897715733239238e+02
9.331897715733239238e+02 9.375015015145289681e+02
9.375015015145289681e+02 9.418331534647951457e+02
9.418331534647951457e+02 9.461848194721992513e+02
9.461848194721992513e+02 9.505565920101191750e+02
9.505565920101191750e+02 9.549485639791965923e+02
9.549485639791965923e+02 9.593608287093146600e+02
9.593608287093146600e+02 9.637934799615785550e+02
9.637934799615785550e+02 9.682466119303123833e+02
9.682466119303123833e+02 9.727203192450537017e+02
9.727203192450537017e+02 9.772146969725724830e+02
9.772146969725724830e+02 9.817298406188840545e+02
9.817298406188840545e+02 9.862658461312820464e+02
9.862658461312820464e+02 9.908228099003797524e+02
9.908228099003797524e+02 9.954008287621518321e+02
9.954008287621518321e+02 1.000000000000000000e+03
