8.571205153327685435e-06
8.359448563538131086e-06
8.508581564057088098e-06
8.562279741533143976e-06
8.464974908528643730e-06
8.443490474463905218e-06
8.202532148579362879e-06
8.350412158000340481e-06
8.218022217997108915e-06
8.298081186341409708e-06
8.384291138133635716e-06
8.285788840379689827e-06
8.207201176631517261e-06
8.428317472950283838e-06
8.390520632816910607e-06
8.293686129909287196e-06
8.310422115347365618e-06
8.498823089140765077e-06
8.416408700330206701e-06
8.335185494956294633e-06
8.234100081835349236e-06
8.362123746177088657e-06
8.210693553114284884e-06
8.534435516588865413e-06
8.364877581326698110e-06
8.453505720166581771e-06
8.430916139297662865e-06
8.298707912451507270e-06
8.495028390697440839e-06
8.364904416886078710e-06
8.434881070763249172e-06
8.484183058140357776e-06
8.331945074444955339e-06
8.422994596519584365e-06
8.501687763593357625e-06
8.443168507615212004e-06
8.357134273614601303e-06
8.514459618546271256e-06
8.267346866491178303e-06
8.246044315334000592e-06
8.503985555486628508e-06
8.439854311383756152e-06
8.196391321687558835e-06
8.222991201021485452e-06
8.302121940431232163e-06
8.228549144143743654e-06
8.381520457055301209e-06
8.375510848962644547e-06
8.479084611535230834e-06
8.321911893170517627e-06
8.436941779319821533e-06
8.241584863871838986e-06
8.397303871227121945e-06
8.217984798559424650e-06
8.415274889428034965e-06
8.321230340352833688e-06
8.422559050968316151e-06
8.230652613090174891e-06
8.453898588978805045e-06
8.447969731210830570e-06
8.495669373171936255e-06
8.535575568794363970e-06
8.280904042400100923e-06
8.541366627704358121e-06
8.480910423767430264e-06
8.492022229264694648e-06
8.452677103866363122e-06
8.269924462785774061e-06
8.235258617431159118e-06
8.256720366153359178e-06
8.481856048162053358e-06
8.326064931927982773e-06
8.317791780388063535e-06
8.510342429780131884e-06
8.331735269796801489e-06
8.411059191374347602e-06
8.338433526239245655e-06
8.317658491326865238e-06
8.528682945714776843e-06
8.274312666816180319e-06
8.283018877684715931e-06
8.338373366405088234e-06
8.513927499203047177e-06
8.365351695555762234e-06
8.306863151258897195e-06
8.524038673994831764e-06
8.428001476960102830e-06
8.388803698425380492e-06
8.424553404714622793e-06
8.507093905132181671e-06
8.377955782362588532e-06
8.444896790415010388e-06
8.520893346372916655e-06
8.271786532864709680e-06
8.402326259467840511e-06
8.503875159585303373e-06
8.289861022869257702e-06
8.483663370674311582e-06
8.466892324624411396e-06
8.222124709692232777e-06
8.411589673333160275e-06
8.506708610507210857e-06
8.504426769412520569e-06
8.235538675145089938e-06
8.359701898572245807e-06
8.470709191483572853e-06
8.234718501959749525e-06
8.285845847964144054e-06
8.478978807742262953e-06
8.384315879202631488e-06
8.308206152605702042e-06
8.473549651458637069e-06
8.434354772743281499e-06
8.427369974395902897e-06
8.249429356489113596e-06
8.425177318558346669e-06
8.360299185949584213e-06
8.241024316430733265e-06
8.375795692246207453e-06
8.354747033191131783e-06
8.294932572230026172e-06
8.485817797062811943e-06
8.300477072285081885e-06
8.281741433167825707e-06
8.437435948545818137e-06
8.395756964140232550e-06
8.434866438995524527e-06
8.503463737653129366e-06
8.458532116558900739e-06
8.286366400988861059e-06
8.420416053961198152e-06
8.390099437295199357e-06
8.368780675360077643e-06
8.300315748935918806e-06
8.225998837469640393e-06
8.388438277190920229e-06
8.338290017920600258e-06
8.356712115435181785e-06
8.295491042626257976e-06
8.377339453842592905e-06
8.290092232008224932e-06
8.512915463608479807e-06
8.468651062123971372e-06
8.252238604215863185e-06
8.238281018584279021e-06
8.487654761970250589e-06
8.259430617419350406e-06
8.337186047799533331e-06
8.347222428611441675e-06
8.239060588004040554e-06
8.474788109725306382e-06
8.296775664176785667e-06
8.369999696546566719e-06
8.384444675602556468e-06
8.363971664446881460e-06
8.251111737306855671e-06
8.521369274267707713e-06
8.333208313000126295e-06
8.311458927903336648e-06
8.262937817848941711e-06
8.451877654342255483e-06
8.257997084198317068e-06
8.381062963813697657e-06
8.357128821198057733e-06
8.435610586973940755e-06
8.244435983032187231e-06
8.506311857495911857e-06
8.499465474963948495e-06
8.519373732230946198e-06
8.344821639842678733e-06
8.268624134843604584e-06
8.264218886516233240e-06
8.453599207809557698e-06
8.427912743635312381e-06
8.389048530133955855e-06
8.251038704027790379e-06
8.448935775501694627e-06
8.276456294780669968e-06
8.434379171603726143e-06
8.266380766190890801e-06
8.286562518015908315e-06
8.346345716010736415e-06
8.482333477013601100e-06
8.493977044162182735e-06
8.489952636517567364e-06
8.288923895090519366e-06
8.414976713278212654e-06
8.496836320525168204e-06
8.332551907326127789e-06
8.369376570249770743e-06
8.374014763914286596e-06
8.451872167519433495e-06
8.427676345015132098e-06
8.468643932175131921e-06
8.395435612775294470e-06
8.460231233682672153e-06
8.395986931710892605e-06
8.494078854410801101e-06
8.489580433656616193e-06
8.270055775494247966e-06
8.290207962961183055e-06
8.269658600915879315e-06
8.248660232522743056e-06
8.406348638064400683e-06
8.290736075171018261e-06
8.243321386190161217e-06
8.280674081331220032e-06
8.256401212741413872e-06
8.273196639489214073e-06
8.326781255645566082e-06
8.382349497388612433e-06
8.472529221612916216e-06
8.371007098899554180e-06
8.277000600257120418e-06
8.491314505154384370e-06
8.501941525290566647e-06
8.396339315326941985e-06
8.389189728596261307e-06
8.311372259060703475e-06
8.352664402949190969e-06
8.494220123420788358e-06
8.323131403834512607e-06
8.297756669014351951e-06
8.341120976308835335e-06
8.251680741530485337e-06
8.364132221000836006e-06
8.423636447943299815e-06
8.425023222648216924e-06
8.368432827594332490e-06
8.458462832638907901e-06
8.374590593837454179e-06
8.333797237892257495e-06
8.332145851003181256e-06
8.463791002412968733e-06
8.407971320948776797e-06
8.425415032337027786e-06
8.252765146205863294e-06
8.416293321785458750e-06
8.475963263803005943e-06
8.312422924968110340e-06
8.501603275758782459e-06
8.305912591303252196e-06
8.408002240136595374e-06
8.426040557155197545e-06
8.260093520180696811e-06
8.361083670067952936e-06
8.450128582277785641e-06
8.311431253426106202e-06
8.321055826983439450e-06
8.271693516341282833e-06
8.387600307038873214e-06
8.486006529560624016e-06
8.491852110956614539e-06
8.487574125266432421e-06
8.241320062841243809e-06
8.396558051962378272e-06
8.290127280049154493e-06
8.243753815158872490e-06
8.311896324878409372e-06
8.335238186469177130e-06
8.467180138503643843e-06
8.326579049923232617e-06
8.486240662021886133e-06
8.404186368992893328e-06
8.285952484671317613e-06
8.317155471872533410e-06
8.469032923854084320e-06
8.429805395359206703e-06
8.380512924836060838e-06
8.373046920596071565e-06
8.343269014649128630e-06
8.507500361529404280e-06
8.308153208014870526e-06
8.396115422919376550e-06
8.290062381701096219e-06
8.470027639358152001e-06
8.281903243185931643e-06
8.504553595617337280e-06
8.503942765775638265e-06
8.312404800800150383e-06
8.245717321903365017e-06
8.328594404550976088e-06
8.500385771632598209e-06
8.415113728095161553e-06
8.380887773095176111e-06
8.466897112591129782e-06
8.301072215245116649e-06
8.292275696480364382e-06
8.348096319631878582e-06
8.264794945435774553e-06
8.460565702905010059e-06
8.350699467750834798e-06
8.337983659651360455e-06
8.364772672273236646e-06
8.278853046212953168e-06
8.306820205161797853e-06
8.428532620574346806e-06
8.408488109534688706e-06
8.454895718147354157e-06
8.491331280270846712e-06
8.477221273783521889e-06
8.344859517812921166e-06
8.381014316610027772e-06
8.328168961626508454e-06
8.450160374115250311e-06
8.481474472691680078e-06
8.260658653084673012e-06
8.432013385677049179e-06
8.473492486119209207e-06
8.438993382233367672e-06
8.438993382233367672e-06
8.420815454228822841e-06
8.340941137360169088e-06
8.296919090544324261e-06
8.356338545813915122e-06
8.447402530682923143e-06
8.346426169413368801e-06
8.496808198067446689e-06
8.459298836391818024e-06
8.451656631944072244e-06
8.403797325773883442e-06
8.345131619616463352e-06
8.449550124771355934e-06
8.449550124771355934e-06
8.314528249090100649e-06
8.402974868211865545e-06
8.423833717710361584e-06
8.423833717710361584e-06
8.282460172864340213e-06
8.282460172864340213e-06
8.377636630561013795e-06
8.348785232977295827e-06
8.321856576861695856e-06
8.264003149207766466e-06
8.453453650049117576e-06
8.453453650049117576e-06
8.279122185944909690e-06
8.326430498947038641e-06
8.326430498947038641e-06
8.295954042161490861e-06
8.362124357728029160e-06
8.397781653865893541e-06
8.370521310043130237e-06
8.330673458324956343e-06
8.333139670546846171e-06
8.359546661324750665e-06
8.429304768895940053e-06
8.494219947974450806e-06
8.494219947974450806e-06
8.394026852704904220e-06
8.394026852704904220e-06
8.485712934780956367e-06
8.375782934677202476e-06
8.415406270168474022e-06
8.421100734250650658e-06
8.457373270546367946e-06
8.400396998209813009e-06
8.355559663060440029e-06
8.347887504987598628e-06
8.298438545128587637e-06
8.414428992664736625e-06
8.430882036792387133e-06
8.289132532191757067e-06
8.346684217610133804e-06
8.494930438917402176e-06
8.421331722333544458e-06
8.385238178465928251e-06
8.419204924646737050e-06
8.339486703844441970e-06
8.332085959419308221e-06
8.409116451838447579e-06
8.305861002578181465e-06
8.302846343024954034e-06
8.404605839401554256e-06
8.457269761083500726e-06
8.322488343536526873e-06
8.263055299962017964e-06
8.390959938399434424e-06
8.262849407815751256e-06
8.382049884804602176e-06
8.257843017390392859e-06
8.257843017390392859e-06
8.484933564099149503e-06
8.419146515611361975e-06
8.356146122494515350e-06
8.334745198094200926e-06
8.275281743283198417e-06
8.254979663244948562e-06
8.291285376420928815e-06
8.282523170180993032e-06
8.316761851979593959e-06
8.316761851979593959e-06
8.407720860038284889e-06
8.416546998498903497e-06
8.483681672878598675e-06
8.483681672878598675e-06
8.432386189009051947e-06
8.361710354796018691e-06
8.301380597257762786e-06
8.391973502454006366e-06
8.340671927522238114e-06
8.352549954611973487e-06
8.468149798823365878e-06
8.468149798823365878e-06
8.260475982495307868e-06
8.280714004798451960e-06
8.493115867228983614e-06
8.428257428082629329e-06
8.269724333316243840e-06
8.484068982050217342e-06
8.365232474483250751e-06
8.273507945033761870e-06
8.273507945033761870e-06
8.328311292135142667e-06
8.445202659751388166e-06
8.408985682082326335e-06
8.398898424680596440e-06
8.270536009816811999e-06
8.270536009816811999e-06
8.463081306832243828e-06
8.343229168145388909e-06
8.293380570666985621e-06
8.318997344079148446e-06
8.296159976773354581e-06
8.440359290151228450e-06
8.420398295143566311e-06
8.478130000613768295e-06
8.367820890663203850e-06
8.363358441709574492e-06
8.275799798697291854e-06
8.275799798697291854e-06
8.433086088992580446e-06
8.351283347265752173e-06
8.351283347265752173e-06
8.448215582278709252e-06
8.448215582278709252e-06
8.324288222985764998e-06
8.385102371110425787e-06
8.385102371110425787e-06
8.429508786783656074e-06
8.378417070142797464e-06
8.441798951525832456e-06
8.268451026047882478e-06
8.390881951426951889e-06
8.474138520821302491e-06
8.326381264007305053e-06
8.326381264007305053e-06
8.362170565347074304e-06
8.388626487871481366e-06
8.388626487871481366e-06
8.346182491791937622e-06
8.449479039754808889e-06
8.370045921567475166e-06
8.370045921567475166e-06
8.437709115693320020e-06
8.425802361019418506e-06
8.425802361019418506e-06
8.409912686230364381e-06
8.293228519328555050e-06
8.284486629466846164e-06
8.439808153450313523e-06
8.422447961435390021e-06
8.418034035998284682e-06
8.440134379287588196e-06
8.440134379287588196e-06
8.279226473337555407e-06
8.279226473337555407e-06
8.307400117108187888e-06
8.425030591764051164e-06
8.425030591764051164e-06
8.268659353913566077e-06
8.456417774044154491e-06
8.318187240045153336e-06
8.318187240045153336e-06
8.414711454821900978e-06
8.262399411832773528e-06
8.452461282073993321e-06
8.266217434168260635e-06
8.266217434168260635e-06
8.374521495443458779e-06
8.304744295483642828e-06
8.419475045828740876e-06
8.339755537543474271e-06
8.346499404720608624e-06
8.287257751890899932e-06
8.287257751890899932e-06
8.309237642204139135e-06
8.309237642204139135e-06
8.280615848586789555e-06
8.280615848586789555e-06
8.465311032833131729e-06
8.290385375109597866e-06
8.290385375109597866e-06
8.469291286124970715e-06
8.310378030606294550e-06
8.340915505429514175e-06
8.291479441743239653e-06
8.279317348997715357e-06
8.279317348997715357e-06
8.414866488697647764e-06
8.327143839155498058e-06
8.384294024365455597e-06
8.338098278801506355e-06
8.338098278801506355e-06
8.361536729618866036e-06
8.361536729618866036e-06
8.382744897106147558e-06
8.382744897106147558e-06
8.264229168589957110e-06
8.460942701267474750e-06
8.455764760228961122e-06
8.466057688015083928e-06
8.474538358189507046e-06
8.436609349372140292e-06
8.436609349372140292e-06
8.280841202690499293e-06
8.403715054858017567e-06
8.471011517774976741e-06
8.446503943902133234e-06
8.446503943902133234e-06
8.376731631106002635e-06
8.315894014287370290e-06
8.315894014287370290e-06
8.307484966596852841e-06
8.369929420156597440e-06
8.415727737662709985e-06
8.350628769152310712e-06
8.278953908903992462e-06
8.308966543879448748e-06
8.332570595164810393e-06
8.335965310040042688e-06
8.473877273862479779e-06
8.465270850120263437e-06
8.339905117064352701e-06
8.350228537151195145e-06
8.468576957671094740e-06
8.431708079601579178e-06
8.431708079601579178e-06
8.334312257329148398e-06
8.420876508598761702e-06
8.317598530976290342e-06
8.330325294369923168e-06
8.370689838483144995e-06
8.326593108151729880e-06
8.395385883995425336e-06
8.295680119201989010e-06
8.420786664499853441e-06
8.368766511252445032e-06
8.463163325351015932e-06
8.435618554924635072e-06
8.303154861086112782e-06
8.412556200710658179e-06
8.412556200710658179e-06
8.450755838938194597e-06
8.433653257328953279e-06
8.465161065982687363e-06
8.386238289043718486e-06
8.386238289043718486e-06
8.387164127694095992e-06
8.289040617207691654e-06
8.477193643681947750e-06
8.456342495896047702e-06
8.456342495896047702e-06
8.352388356884283307e-06
8.298849636373098655e-06
8.298849636373098655e-06
8.383018884594963918e-06
8.383018884594963918e-06
8.465318348575614089e-06
8.465318348575614089e-06
8.342289370203890918e-06
8.351484990962651647e-06
8.311097753551100530e-06
8.311097753551100530e-06
8.383015543937496263e-06
8.383015543937496263e-06
8.366692452849533408e-06
8.366692452849533408e-06
8.294305824573561896e-06
8.277128649701464378e-06
8.413581917820691654e-06
8.304295265620420641e-06
8.397007789975532519e-06
8.316048016083716699e-06
8.316048016083716699e-06
8.339692011706207676e-06
8.339692011706207676e-06
8.381001125942522833e-06
8.288833213684535013e-06
8.288833213684535013e-06
8.292233386603105007e-06
8.398664088005448869e-06
8.398664088005448869e-06
8.380602255986354716e-06
8.456691483841841889e-06
8.456691483841841889e-06
8.456719965973107201e-06
8.456719965973107201e-06
8.375208526551811993e-06
8.340534654908395980e-06
8.314237043932631307e-06
8.305807512447868982e-06
8.305807512447868982e-06
8.410694113520449157e-06
8.410694113520449157e-06
8.439763952808790852e-06
8.415010296830689426e-06
8.277005941430102967e-06
8.277005941430102967e-06
8.414806204791830483e-06
8.429479901669256162e-06
8.429479901669256162e-06
8.336364978680571640e-06
8.429943685446409583e-06
8.396192594744692942e-06
8.362895699173338276e-06
8.291074175556873484e-06
8.412884800186695675e-06
8.309865730091570865e-06
8.409483804133205065e-06
8.440516030386726270e-06
8.338670763692226901e-06
8.410504622795312503e-06
8.413072316687379861e-06
8.413072316687379861e-06
8.471924171569862437e-06
8.471924171569862437e-06
8.357103679705181506e-06
8.367726278037283192e-06
8.345608945932538305e-06
8.345608945932538305e-06
8.407034608213948142e-06
8.442692752791637457e-06
8.442692752791637457e-06
8.356115659327392289e-06
8.321195311063395847e-06
8.362899417672415317e-06
8.354711120401830233e-06
8.278364474642452360e-06
8.442089656775157743e-06
8.443328909130087169e-06
8.399609533672464299e-06
8.369762634720630728e-06
8.470992819347714835e-06
8.361788318238537509e-06
8.361788318238537509e-06
8.473257847543463881e-06
8.351654426826640284e-06
8.351654426826640284e-06
8.447420586988724336e-06
8.348079909685527931e-06
8.353750913620371682e-06
8.440335378401262915e-06
8.363343753521339290e-06
8.465783258012152753e-06
8.465783258012152753e-06
8.432577413988181321e-06
8.396496054145294392e-06
8.457255993966913770e-06
8.457255993966913770e-06
8.413804051551892151e-06
8.361417323824060939e-06
8.384133777715182883e-06
8.326420103322325887e-06
8.456179977984553965e-06
8.456179977984553965e-06
8.309666023226298749e-06
8.373595751823943793e-06
8.373595751823943793e-06
8.369616480475748703e-06
8.306634065862314716e-06
8.391395353843023315e-06
8.457373430143528127e-06
8.281793041742561292e-06
8.281793041742561292e-06
8.456767789805861232e-06
8.437124033838200418e-06
8.437124033838200418e-06
8.305089718201192009e-06
8.305089718201192009e-06
8.287885644405128979e-06
8.362733838649725649e-06
8.332150121629434674e-06
8.406004389714658007e-06
8.439797227465256843e-06
8.332940508885755337e-06
8.413633135835350488e-06
8.450336604989516190e-06
8.352139488866252263e-06
8.395041723125920693e-06
8.395041723125920693e-06
8.410474866994029877e-06
8.286115054702579880e-06
8.277268876604055301e-06
8.277268876604055301e-06
8.453361918482728691e-06
8.365315315197768587e-06
8.365315315197768587e-06
8.386627686307590850e-06
8.386627686307590850e-06
8.423188463671261181e-06
8.409808195711125360e-06
8.409808195711125360e-06
8.325984001822385428e-06
8.325984001822385428e-06
8.359184971618441789e-06
8.359184971618441789e-06
8.351589468131255509e-06
8.457142183527234085e-06
8.457142183527234085e-06
8.363324740911142751e-06
8.451912301292174664e-06
8.451912301292174664e-06
8.386482954460583358e-06
8.386482954460583358e-06
8.286442542260290188e-06
8.286442542260290188e-06
8.420063057666953105e-06
8.431054768851971022e-06
8.362009403226893932e-06
8.362009403226893932e-06
8.451360258014721993e-06
8.451360258014721993e-06
8.458098040922688287e-06
8.336118477280747070e-06
8.416961679864848228e-06
8.452152525904036351e-06
8.401052490478614428e-06
8.392095958546640793e-06
8.392095958546640793e-06
8.280460175562472883e-06
8.280460175562472883e-06
8.458054635338633015e-06
8.469595101048210675e-06
8.327921607077669165e-06
8.371562993631198298e-06
8.290185019125053217e-06
8.337486748139520730e-06
8.337486748139520730e-06
8.468245998912057838e-06
8.371303260386946010e-06
8.335725655911794624e-06
8.322143424276872505e-06
8.322143424276872505e-06
8.364978632540828789e-06
8.364978632540828789e-06
8.450599867434048138e-06
8.307795298340887551e-06
8.447216692962234699e-06
8.411544139630666830e-06
8.296586970400563006e-06
8.322119742214012351e-06
8.322119742214012351e-06
8.301004609395609181e-06
8.301004609395609181e-06
8.309240850184627510e-06
8.368151947279762332e-06
8.346124452270099951e-06
8.402034001182122431e-06
8.402034001182122431e-06
8.299393086397294255e-06
8.299393086397294255e-06
8.365289226348222726e-06
8.308409118154390580e-06
8.394801025448651630e-06
8.423879615148931470e-06
8.321878036352708171e-06
8.387637866660881250e-06
8.452440119979047383e-06
8.427961422648667632e-06
8.304483020866070531e-06
8.304483020866070531e-06
8.444409698064639009e-06
8.468728452232087233e-06
8.468728452232087233e-06
8.291877374665735341e-06
8.431788467091609244e-06
8.396366168748355170e-06
8.396366168748355170e-06
8.449844968529374880e-06
8.354739617887803880e-06
8.468640598250820644e-06
8.436613911973173092e-06
8.462921773173253813e-06
8.371621294561587906e-06
8.344474652672277619e-06
8.418683127874425844e-06
8.418683127874425844e-06
8.436712199838449899e-06
8.436712199838449899e-06
8.453590483918747985e-06
8.377111530499096290e-06
8.360859787898938908e-06
8.360859787898938908e-06
8.359802794652868179e-06
8.359802794652868179e-06
8.351493904702013616e-06
8.452435332145658760e-06
8.455151817136937254e-06
8.345297705642009466e-06
8.345297705642009466e-06
8.431967325210219035e-06
8.401839977299888873e-06
8.295478846551532958e-06
8.356615674756923530e-06
8.323622458998508868e-06
8.331080313604422174e-06
8.441355668914602347e-06
8.441355668914602347e-06
8.373656579154780142e-06
8.373656579154780142e-06
8.439717240244000253e-06
8.439717240244000253e-06
8.439716765690198440e-06
8.355075941169138638e-06
8.351901833244580560e-06
8.351901833244580560e-06
8.297523339983930231e-06
8.412809818175415427e-06
8.412809818175415427e-06
8.438594287960059443e-06
8.354214745072205333e-06
8.354214745072205333e-06
8.464971455147091248e-06
8.387167354874458058e-06
8.323452164398709974e-06
8.398676522436119383e-06
8.366889159460514502e-06
8.329946207269331993e-06
8.284578459287799933e-06
8.365590991868321463e-06
8.363460727945679250e-06
8.301035498006959683e-06
8.412006684301410949e-06
8.291460930922450734e-06
8.333807872919182699e-06
8.350691509253688858e-06
8.417580436003762798e-06
8.300086639495584447e-06
8.398187668794224745e-06
8.398187668794224745e-06
8.401680591003957301e-06
8.424536687813425403e-06
8.422801488216005638e-06
8.353125637733465573e-06
8.417917081636118283e-06
8.417917081636118283e-06
8.457027252316298040e-06
8.453929061243239837e-06
8.297516893763318081e-06
8.297516893763318081e-06
8.409001552928316767e-06
8.286817277136584805e-06
8.302253809302249048e-06
8.346112203465610543e-06
8.417412954994094233e-06
8.464119551574529184e-06
8.431107330362279126e-06
8.406358636485611590e-06
8.406358636485611590e-06
8.400715320705069779e-06
8.348051222538386044e-06
8.348051222538386044e-06
8.287718250240361055e-06
8.361789677293558605e-06
8.300578577639808339e-06
8.300578577639808339e-06
8.315884734769481333e-06
8.315884734769481333e-06
8.371365188283492973e-06
8.419456395478393124e-06
8.441059412255605003e-06
8.348723437847052850e-06
8.408530061714953972e-06
8.367860676619529254e-06
8.367860676619529254e-06
8.337842798245370681e-06
8.347216121522911371e-06
8.347598291343560976e-06
8.315339929306756508e-06
8.291089311090702821e-06
8.397760429711181369e-06
8.300296396767986159e-06
8.432641956902138050e-06
8.359238248176403279e-06
8.289160359902363750e-06
8.439499321526412149e-06
8.375949095000800906e-06
8.400092087862547243e-06
8.338835195527445276e-06
8.338835195527445276e-06
8.413067900645750807e-06
8.355232194558960177e-06
8.355232194558960177e-06
8.301560622713141546e-06
8.331874019707117182e-06
8.297174971779753010e-06
8.441712752506869269e-06
8.388771582023181263e-06
8.294831686443664566e-06
8.351638087603681647e-06
8.323176790668279426e-06
8.386427943073380275e-06
8.323622385423412725e-06
8.367789489620957360e-06
8.297486119802810109e-06
8.433605112728664264e-06
8.295364228437496394e-06
8.344849512696875346e-06
8.313732116634787401e-06
8.326036953550474106e-06
8.349735987480979258e-06
8.331057048348736800e-06
8.312956121873300535e-06
8.376386131406492541e-06
8.314158573995069235e-06
8.314158573995069235e-06
8.433582852881280263e-06
8.433582852881280263e-06
8.342005630362823402e-06
8.360389408706677197e-06
8.331862978880593207e-06
8.394796671643486660e-06
8.436390956088991863e-06
8.436390956088991863e-06
8.304084225182313349e-06
8.341295116651555258e-06
8.341295116651555258e-06
8.352561824496406077e-06
8.352561824496406077e-06
8.347266094196205587e-06
8.354065184853534033e-06
8.384888408001051437e-06
8.357707441447699087e-06
8.396946085924101311e-06
8.373433206791230967e-06
8.292816938859648513e-06
8.394237720190720120e-06
8.316390691850568373e-06
8.432474563475965916e-06
8.387763769221632677e-06
8.342538785136738796e-06
8.338958933506152282e-06
8.327323668484238329e-06
8.416337522966563432e-06
8.453048627852140240e-06
8.374346628818374189e-06
8.348958956405249152e-06
8.397153624906731993e-06
8.343675849052808484e-06
8.360504673083657366e-06
8.399607022855140186e-06
8.309466151226620648e-06
8.302271645114857310e-06
8.339898723015149292e-06
8.342543224725492454e-06
8.440707131567082693e-06
8.440707131567082693e-06
8.387171103423502741e-06
8.387171103423502741e-06
8.332534279669152422e-06
8.450972699229866345e-06
8.368057741915402371e-06
8.417981448235459233e-06
8.417981448235459233e-06
8.410158445062851850e-06
8.401519656365366063e-06
8.404337174713951902e-06
8.400610791073237385e-06
8.443254178356876711e-06
8.413132672107580709e-06
8.293592946466434070e-06
8.364436139516791561e-06
8.421337812001570080e-06
8.305662071990258704e-06
8.412479391649319173e-06
8.439019043050460030e-06
8.336330425525224653e-06
8.355446017221100199e-06
8.406777279353271163e-06
8.360960294733713744e-06
8.417518230053107843e-06
8.346830095557476295e-06
8.346830095557476295e-06
8.296538569161195174e-06
8.399323799502149749e-06
8.382954468108257205e-06
8.374137724195132725e-06
8.393391840106217101e-06
8.299470514657197076e-06
8.299441637025147407e-06
8.408521973639398941e-06
8.407879099361417199e-06
8.367072463312803828e-06
8.314231403137691603e-06
8.423874449862674149e-06
8.451858644260354036e-06
8.414398085414797118e-06
8.414398085414797118e-06
8.325701026837298722e-06
8.329156376833126316e-06
8.423718368102283519e-06
8.348577674445869783e-06
8.418845605579103637e-06
8.396774371518004806e-06
8.398187918459882901e-06
8.339794481983481443e-06
8.439074722838327790e-06
8.442590365905672142e-06
8.397763442965371533e-06
8.320336949951435556e-06
8.339309133623029922e-06
8.381781832680693575e-06
8.383442612918961349e-06
8.326342917194427888e-06
8.397346204606753785e-06
8.351154673377111757e-06
8.351154673377111757e-06
8.390811887124244290e-06
8.390811887124244290e-06
8.435420058287276595e-06
8.391616449417802496e-06
8.374447027593222322e-06
8.422857595762000033e-06
8.406543500809718326e-06
8.360473168561708109e-06
8.359735939644835818e-06
8.433287020312446879e-06
8.416237277472557568e-06
8.326448075212559982e-06
8.427801417178886972e-06
8.394222482387404976e-06
8.305623989843461254e-06
8.305623989843461254e-06
8.411040310438170489e-06
8.411040310438170489e-06
8.403845914155790763e-06
8.403593547377452162e-06
8.369605708886400752e-06
8.369605708886400752e-06
8.412696237056841575e-06
8.358834435413107280e-06
8.312418767775121779e-06
8.312418767775121779e-06
8.379823863603132842e-06
8.309776261386006265e-06
8.415097782072613502e-06
8.322393096114210197e-06
8.319074903688047210e-06
8.356178071214026912e-06
8.378182654402731625e-06
8.318976933038299827e-06
8.450579159924674876e-06
8.343490223064144572e-06
8.429266635469940771e-06
8.369848502570240229e-06
8.427152199925525269e-06
8.444719305582561153e-06
8.357758869730331743e-06
8.350581300022343531e-06
8.435657041688541112e-06
8.306080851329181644e-06
8.426866265546098734e-06
8.311314938589378363e-06
8.359300732822686956e-06
8.315562844729808620e-06
8.315562844729808620e-06
8.338895475194064251e-06
8.435015306135282135e-06
8.355824107495165293e-06
8.371222007072339467e-06
8.322128056693444312e-06
8.344436019198507676e-06
8.385923313365383557e-06
8.351563419571673736e-06
8.318480991962619309e-06
8.329697881258402110e-06
8.391735113163320924e-06
8.406434744338324791e-06
8.435350715345672239e-06
8.376612084331911323e-06
8.310667999216068329e-06
8.397838221094633838e-06
8.311007010552856226e-06
8.356882394205334194e-06
8.367285113712507192e-06
8.304418649957376618e-06
8.398253211792209923e-06
8.308993530982667928e-06
8.426566237421893722e-06
8.360724106931606054e-06
8.309713012946957862e-06
8.429559059022200283e-06
8.396103824858204746e-06
8.393900013651551457e-06
8.357486119693206860e-06
8.357486119693206860e-06
8.434883035100225061e-06
8.327907622262781213e-06
8.388554475420367798e-06
8.414721751879242968e-06
8.350230727054640698e-06
8.316878672377489204e-06
8.316878672377489204e-06
8.364604607453852761e-06
8.444750861769166443e-06
8.404463565222166187e-06
8.335605373977472823e-06
8.375312879153734693e-06
8.359700589720958975e-06
8.399426431279089154e-06
8.380554248431024483e-06
8.332473834095362362e-06
8.348523190336212192e-06
8.441654951915688947e-06
8.363670179968940043e-06
8.411290629678952851e-06
8.385755796196901689e-06
8.363961469043266206e-06
8.351164692084148499e-06
8.339625198350109089e-06
8.352059960967532344e-06
8.323621552758448186e-06
8.359030465572326406e-06
8.382138949007870114e-06
8.417425287120494683e-06
8.340060716645418990e-06
8.426451282138008571e-06
8.379633568480535343e-06
8.334769766227598633e-06
8.436208042148992208e-06
8.437433708350657009e-06
8.413031675864841375e-06
8.419892498593747386e-06
8.428098652776490790e-06
8.356132708806200015e-06
8.374833863055907107e-06
8.308016912818548346e-06
8.326897155178192658e-06
8.332849023014659312e-06
8.409293346218505176e-06
8.369725443424567388e-06
8.410863771490298448e-06
8.447081040267675778e-06
8.335662884501964553e-06
8.349536500384309128e-06
8.367971564170379774e-06
8.354115086261491003e-06
8.437026890785983676e-06
8.396203507271227876e-06
8.320549469006140972e-06
8.380348995701328884e-06
8.388257715339808273e-06
8.380683346471145574e-06
8.434006874991215112e-06
8.316426112667015121e-06
8.337461486249430508e-06
8.420477869824698566e-06
8.342317925688617732e-06
8.327543327759094450e-06
8.435155526711605897e-06
8.346582337056827056e-06
8.379804658965125822e-06
8.341766496705563965e-06
8.332580536255534777e-06
8.398931100806293959e-06
8.337570392720668945e-06
8.366797951667766857e-06
8.418532886934197745e-06
8.378578458507241570e-06
8.402055951034824463e-06
8.327319995581222665e-06
8.386928702416199217e-06
8.438102814498372995e-06
8.422803588467322425e-06
8.385426132884341927e-06
8.409563041759153277e-06
8.359883949628691045e-06
8.394259337032115701e-06
8.384397070957968318e-06
8.313887333344027337e-06
8.325595049650774248e-06
8.354896741466752609e-06
8.372746406067679091e-06
8.328374545026436798e-06
8.355110330388363597e-06
8.339886708344017389e-06
8.420397193491710431e-06
8.422829310637437055e-06
8.326322579924406092e-06
8.341379487862607452e-06
8.350229013677575756e-06
8.438425325722622263e-06
8.418125032149987604e-06
8.368272897280362225e-06
8.321764281122104052e-06
8.372401842453706627e-06
8.365321698393542432e-06
8.332469453354490377e-06
8.352180107194602637e-06
8.417085656935807835e-06
8.325137730125560344e-06
8.325556079311913091e-06
8.418662461251717500e-06
8.428895703126838176e-06
8.396674946705608907e-06
8.414034952554474525e-06
8.407628914260157108e-06
8.310602713029846574e-06
8.305717543568840808e-06
8.423208683674536737e-06
8.443254356257985202e-06
8.413478447092449683e-06
8.368665040550244720e-06
8.335954017043456876e-06
8.372216689405898978e-06
8.352604023923360950e-06
8.388538048025677147e-06
8.322605680250531179e-06
8.408884979654736891e-06
8.348364744005108869e-06
8.371855274751294944e-06
8.423778098742156390e-06
8.399210850318325312e-06
8.422393875997747156e-06
8.370677224578566416e-06
8.368289415230728627e-06
8.348628104153459797e-06
8.358161023127046087e-06
8.324267892502033956e-06
8.382325825814183488e-06
8.365364709579009887e-06
8.355277249230792997e-06
8.348029954188698163e-06
8.314249590114028901e-06
8.316583475477300956e-06
8.330139354711714681e-06
8.423025477433019822e-06
8.320907332222994286e-06
8.334209082354323504e-06
8.412560507704804817e-06
8.411353895441514008e-06
8.402946432684525786e-06
8.313269075238949093e-06
8.398865019109233809e-06
8.352962631944011419e-06
8.341602702911447002e-06
8.310907922707952742e-06
8.413268852339212628e-06
8.342565924076331244e-06
8.384255616159938735e-06
8.389386147086185102e-06
8.387023082863978687e-06
8.413247065255014648e-06
8.336849865312975601e-06
8.359049253494577219e-06
8.400606371341267045e-06
8.423551487488834579e-06
8.345213474797821726e-06
8.358420915004118322e-06
8.396603448135420253e-06
8.376773053968013363e-06
8.320558186106795766e-06
8.341855860814699256e-06
8.371825510320306821e-06
8.337489553249001337e-06
8.365364780031415732e-06
8.383725486568131469e-06
8.415268998816539879e-06
8.383429449602090985e-06
8.411678166363678748e-06
8.383273699061306812e-06
8.357617156187341888e-06
8.320441550543817330e-06
8.370569083167198090e-06
8.370569083167198090e-06
8.368463971973754442e-06
8.384955819891567514e-06
8.375998421593112828e-06
8.346945901728908309e-06
8.409593039458759580e-06
8.326699942133686618e-06
8.386880435594200791e-06
8.344949422414879548e-06
8.384974135488966774e-06
8.399690895443144689e-06
8.367358676293855369e-06
8.353046894784165705e-06
8.368862561416915192e-06
8.368862561416915192e-06
8.360469694538016913e-06
8.356631242304539048e-06
8.324562134088276037e-06
8.419768418343390380e-06
8.356018572428421798e-06
8.400385012626195702e-06
8.367853193062176347e-06
8.408106955037523500e-06
8.418754484328521976e-06
8.403462701045420660e-06
8.403462701045420660e-06
8.356295695934684860e-06
8.382306018692615244e-06
8.325470025385736431e-06
8.401284827611984321e-06
8.414387462282552305e-06
8.418141641534028534e-06
8.372013625045375803e-06
8.372630461563389945e-06
8.351352447107094793e-06
8.376192558050399154e-06
8.366881820528206364e-06
8.366881820528206364e-06
8.407944827685555944e-06
8.380882422199332753e-06
8.380882422199332753e-06
8.429131564348589682e-06
8.369856219354774465e-06
8.369856219354774465e-06
8.343560355907536841e-06
8.348121193742279395e-06
8.399472758415345435e-06
8.327118328367910308e-06
8.329213373537084887e-06
8.382713885196795066e-06
8.391900671044554426e-06
8.360784938290829457e-06
8.388099493545595901e-06
8.346162071451151745e-06
8.325883836132481463e-06
8.400277277061597413e-06
8.429936745772039354e-06
8.408962558233397600e-06
8.409409571773391478e-06
8.421131317433333302e-06
8.328013045053419324e-06
8.381261022609712074e-06
8.381261022609712074e-06
8.421989060947554287e-06
8.389424315665093546e-06
8.328454474696946112e-06
8.314601576248273595e-06
8.387521526623598471e-06
8.387521526623598471e-06
8.334677791805845566e-06
8.409928054162727797e-06
8.370033540711104936e-06
8.386614129150720404e-06
8.346083380339787135e-06
8.403889720036959539e-06
8.369158938116181765e-06
8.387939059695229504e-06
8.370827832625067671e-06
8.370827832625067671e-06
8.384365480894564906e-06
8.315899110586065298e-06
8.381076274396368446e-06
8.393322529278260966e-06
8.393322529278260966e-06
8.416974937000053447e-06
8.356001296413061291e-06
8.362751425736809482e-06
8.318624001608799419e-06
8.320084586240033850e-06
8.372148955172126078e-06
8.372148955172126078e-06
8.411404125942807897e-06
8.418276768498769364e-06
8.357950733504770829e-06
8.357950733504770829e-06
8.356653207325324341e-06
8.431915899487491046e-06
8.427936802687912416e-06
8.424705245958279145e-06
8.357708149488213124e-06
8.378123131577774340e-06
8.346369015669200266e-06
8.371899037386336013e-06
8.371899037386336013e-06
8.332555809929979238e-06
8.365998971322389849e-06
8.365998971322389849e-06
8.359518219665805470e-06
8.399935507001985428e-06
8.357904598193231939e-06
8.373578891067847706e-06
8.377095641478338544e-06
8.377095641478338544e-06
8.342438278986170070e-06
8.369117028331994127e-06
8.369117028331994127e-06
8.373023997902644727e-06
8.333010897965086175e-06
8.377995553792226045e-06
8.372243571752791051e-06
8.331656428549026548e-06
8.327544105595795885e-06
8.329973974604865070e-06
8.435688802639696444e-06
8.411532601600624128e-06
8.376432973605830187e-06
8.399039295816182628e-06
8.336721495393880371e-06
8.357983779361855849e-06
8.374418451654321876e-06
8.398791043959141748e-06
8.370584844709731055e-06
8.331950071673263985e-06
8.353157331576695853e-06
8.326896674217723317e-06
8.330302974578251271e-06
8.391162733607844011e-06
8.366995872816344898e-06
8.326605891065842746e-06
8.405253980369865565e-06
8.342496418743182990e-06
8.364179764592719109e-06
8.368749355774868719e-06
8.389646802199014891e-06
8.377076754523370619e-06
8.391455936155298696e-06
8.311875475624821546e-06
8.383973319039525940e-06
8.368812087921502960e-06
8.368812087921502960e-06
8.319462743109377136e-06
8.348552813718996112e-06
8.319583965767082459e-06
8.416508197144875452e-06
8.367549646160384657e-06
8.367549646160384657e-06
8.426420119284382994e-06
8.371061215524960327e-06
8.429686395554057630e-06
8.345965385996454976e-06
8.363392660874458494e-06
8.380056310391019783e-06
8.380056310391019783e-06
8.374272838358147932e-06
8.398882082613763647e-06
8.398027435249830243e-06
8.333399983395700078e-06
8.336677362969636721e-06
8.376429408839956750e-06
8.404486989430827939e-06
8.404486989430827939e-06
8.345501526732514730e-06
8.386341785165325508e-06
8.341099156425448101e-06
8.402662285830206975e-06
8.351873670221407657e-06
8.376209354399150088e-06
8.376209354399150088e-06
8.378596812321539213e-06
8.364091512334851408e-06
8.408265567299208205e-06
8.417710763888309786e-06
8.334790759648406531e-06
8.334790759648406531e-06
8.354488875901646029e-06
8.344088242411463820e-06
8.340014228211668589e-06
8.379644434098090891e-06
8.375278385248003554e-06
8.425474523080059928e-06
8.337514308016063161e-06
8.377174312881303068e-06
8.395474712799638154e-06
8.395474712799638154e-06
8.376340296914727202e-06
8.380135295503547802e-06
8.362928059042678010e-06
8.346305336048031757e-06
8.401149320850136574e-06
8.424685366807078886e-06
8.350455281604960903e-06
8.350455281604960903e-06
8.362707934782524376e-06
8.402807598995953273e-06
8.402807598995953273e-06
8.346167812405157400e-06
8.374604225615394650e-06
8.374604225615394650e-06
8.334800875240254238e-06
8.334800875240254238e-06
8.401674182627943754e-06
8.374780158354149634e-06
8.357652658239364356e-06
8.391510787550385381e-06
8.373858380183046992e-06
8.373858380183046992e-06
8.347077376941769534e-06
8.347077376941769534e-06
8.393365849825473491e-06
8.406099869254720727e-06
8.333246316276070889e-06
8.365492078957217589e-06
8.375234862552500450e-06
8.370478746445293193e-06
8.351674710777164554e-06
8.382200498315834746e-06
8.384836498493702267e-06
8.384836498493702267e-06
8.359946496965511145e-06
8.384464085558629234e-06
8.384464085558629234e-06
8.426794456262654486e-06
8.343947358080198681e-06
8.391171921882217336e-06
8.410356326875446825e-06
8.349322970624200538e-06
8.376978412570698239e-06
8.384112603960333759e-06
8.338387822865878316e-06
8.370817310144743398e-06
8.395185246831185545e-06
8.370998367141714211e-06
8.358783154172981918e-06
8.358783154172981918e-06
8.379119679551534365e-06
8.355062157819597235e-06
8.386000676245745607e-06
8.369143289781699453e-06
8.367558521428135272e-06
8.373122329650411542e-06
8.376644799358076365e-06
8.422632932813277066e-06
8.350292510686689243e-06
8.380176559292623652e-06
8.415267968560654054e-06
8.338549476686317959e-06
8.400231153959294763e-06
8.400231153959294763e-06
8.394097717807993093e-06
8.395471525450087330e-06
8.395471525450087330e-06
8.383651619639263206e-06
8.352253833079286715e-06
8.384620068606098346e-06
8.317616375361563209e-06
8.359345131881350567e-06
8.397135557447626161e-06
8.397135557447626161e-06
8.349126509656260535e-06
8.343705509114619461e-06
8.383307642104785004e-06
8.384911613517305527e-06
8.357250990181971370e-06
8.347368593498416851e-06
8.433221742445914869e-06
8.350393006746998313e-06
8.350393006746998313e-06
8.335384049221202557e-06
8.408869477458909956e-06
8.408869477458909956e-06
8.384611279750439947e-06
8.384611279750439947e-06
8.371978925076860775e-06
8.371978925076860775e-06
8.364829383776575382e-06
8.342936157210707033e-06
8.366492931254029570e-06
8.386321977601080905e-06
8.386321977601080905e-06
8.371278838415322597e-06
8.371278838415322597e-06
8.331589504428408118e-06
8.331589504428408118e-06
8.352518352805525523e-06
8.410894013300439624e-06
8.322077493163283285e-06
8.340648197075780282e-06
8.314054295204351418e-06
8.405082684775074615e-06
8.369127254464167303e-06
8.405521225426573892e-06
8.422432897642418838e-06
8.361671372183799206e-06
8.331052685448208275e-06
8.348783162080744390e-06
8.321145260312625574e-06
8.366913661505282889e-06
8.366913661505282889e-06
8.358249962061557747e-06
8.324255704969465110e-06
8.393749469382321427e-06
8.382420195683592097e-06
8.396289044309510966e-06
8.351995271218201757e-06
8.367845273627916498e-06
8.351239619435374528e-06
8.355982140822156573e-06
8.366359377105554260e-06
8.382049134901505742e-06
8.382049134901505742e-06
8.367594614771064562e-06
8.422616774871630481e-06
8.321078239890193710e-06
8.373862356944980256e-06
8.393116389988070075e-06
8.350366668338796581e-06
8.315037215436059349e-06
8.339951710869015293e-06
8.375937450896905228e-06
8.375937450896905228e-06
8.370306189077015240e-06
8.325010915604787257e-06
8.344571468089263675e-06
8.393991020473047201e-06
8.356733298724774170e-06
8.367780010234333220e-06
8.357485737610644114e-06
8.371712846819336711e-06
8.344901854275273514e-06
8.368478944677973076e-06
8.365806473113678271e-06
8.365806473113678271e-06
8.411102501656364451e-06
8.411102501656364451e-06
8.334423655233487311e-06
8.361389130065589425e-06
8.410396891878812594e-06
8.379347115027794001e-06
8.375128879094730381e-06
8.356227258647109583e-06
8.380788866637877148e-06
8.385351323813670791e-06
8.398718122512396526e-06
8.348433376879113821e-06
8.398940538088451891e-06
8.364355196773672708e-06
8.364355196773672708e-06
8.352006817665819026e-06
8.416679786316891512e-06
8.334529189355450914e-06
8.369381049819533220e-06
8.399611912371440913e-06
8.357215529082758621e-06
8.342155166281347642e-06
8.373844213111507185e-06
8.390443506259543828e-06
8.410131084931831802e-06
8.394312373703820986e-06
8.393239838210775092e-06
8.371015765997844935e-06
8.371015765997844935e-06
8.416679460910412880e-06
8.377338556395040841e-06
8.315127203687098638e-06
8.335272396426281059e-06
8.368342157247567745e-06
8.375575665480626861e-06
8.392693787409191174e-06
8.335865652287221687e-06
8.359823087169904207e-06
8.359823087169904207e-06
8.325786795394436599e-06
8.372971606095789098e-06
8.424209621420012108e-06
8.374532517785917971e-06
8.329889272153557451e-06
8.355928304904682098e-06
8.380611194864604239e-06
8.380611194864604239e-06
8.396906110173040736e-06
8.377151453331429590e-06
8.382170126067556201e-06
8.420190335290862285e-06
8.324732170983989402e-06
8.405763287841994341e-06
8.380473867200440843e-06
8.337577939074506850e-06
8.328904360993001006e-06
8.364382348265895329e-06
8.350590005482498969e-06
8.405859906691999972e-06
8.397147866786997187e-06
8.412952399176386542e-06
8.344092489593042962e-06
8.395179741139545916e-06
8.411770459641393008e-06
8.411209118187582513e-06
8.351262000106828001e-06
8.353829004061569271e-06
8.331554172639411807e-06
