8.922387232965482440e+01
8.917654728479408277e+01
8.748347429810169729e+01
8.913803266864958630e+01
8.776491682779159476e+01
8.865910578910686013e+01
8.750894272179129985e+01
8.617639485139864064e+01
8.698012064689918077e+01
8.879596159218101548e+01
8.701973356241160218e+01
8.767024911661803799e+01
8.618299049048532368e+01
8.685629928988724657e+01
8.914404979803425988e+01
8.763584420223389770e+01
8.879823350740092280e+01
8.783209302764291238e+01
8.925356259784756219e+01
8.860252028878797148e+01
8.676960895209300872e+01
8.833617044956102404e+01
8.772010094578152462e+01
8.774533789630652336e+01
8.651744387804572511e+01
8.695515822330682454e+01
8.671600617425289670e+01
8.815058127560673995e+01
8.706618584912278891e+01
8.862421292334013856e+01
8.921763677042255836e+01
8.830843122679711144e+01
8.617082245180067446e+01
8.756872474862717581e+01
8.728689529203353459e+01
8.842862775859251201e+01
8.888813637662387634e+01
8.791453856838215586e+01
8.742385975118149588e+01
8.703141234217426359e+01
8.740912640994395133e+01
8.715157586716176752e+01
8.697790929846823360e+01
8.697805630908608521e+01
8.810813200599750417e+01
8.718992172876269819e+01
8.903327000516506473e+01
8.898606343393204554e+01
8.818682536995797250e+01
8.680182597242379927e+01
8.899989389294857745e+01
8.779966301088907699e+01
8.705717585357973576e+01
8.646811187577553426e+01
8.838752424729253221e+01
8.870003768533823063e+01
8.671571386110292678e+01
8.698423874428020497e+01
8.779380940182113591e+01
8.862323660517294854e+01
8.901951746730995296e+01
8.796854706225067844e+01
8.702724062811464023e+01
8.825287979354351364e+01
8.838919049620700719e+01
8.744839321720495207e+01
8.714107252898902800e+01
8.665588609465535797e+01
8.775531175004356044e+01
8.793091563084124118e+01
8.819493697223055051e+01
8.640545119126542772e+01
8.742571402745231524e+01
8.744309680828153830e+01
8.785389970136499471e+01
8.877502667243805945e+01
8.719330110885110230e+01
8.816958266696718738e+01
8.824759452967933271e+01
8.823583387020059376e+01
8.635227292835287471e+01
8.710061158840316864e+01
8.754902902816094468e+01
8.885745409383241622e+01
8.753209301017943744e+01
8.796960087259054717e+01
8.684932793387977767e+01
8.892718854658076566e+01
8.782590897121190210e+01
8.830189582178708463e+01
8.763120475608488391e+01
8.743496688556481899e+01
8.851965122385422546e+01
8.808594775768631280e+01
8.697263953337579778e+01
8.766507929067259397e+01
8.823270766168215573e+01
8.860893063122803426e+01
8.725305966024117765e+01
8.717541449069636883e+01
8.663349134228960224e+01
8.878927982742213487e+01
8.841403916131515928e+01
8.656578022968945163e+01
8.877818850475121337e+01
8.745554558028449321e+01
8.710732705845565249e+01
8.676057572297042952e+01
8.848181791537990648e+01
8.797808899231142732e+01
8.734616475744549291e+01
8.834556699906376309e+01
8.726871678331445992e+01
8.716502877104846903e+01
8.708555058327475251e+01
8.701977279052246672e+01
8.871075745768456500e+01
8.705845059917456297e+01
8.647181588179647349e+01
8.830365574498829062e+01
8.833074972141942283e+01
8.880631269358876523e+01
8.751624099496591214e+01
8.636135967836558791e+01
8.724094261018814223e+01
8.658885534188759436e+01
8.722626476936980566e+01
8.820583181416280638e+01
8.743910233754635897e+01
8.679727441037017854e+01
8.858696938205125093e+01
8.785491065551759959e+01
8.842325453642806110e+01
8.635697741786727022e+01
8.698248251256381991e+01
8.737712721013176065e+01
8.861940932329186182e+01
8.771076835159060181e+01
8.654474200195207345e+01
8.779688024683801473e+01
8.801573409924438351e+01
8.805296321070204613e+01
8.778201487651034540e+01
8.688334381767947434e+01
8.744949827063928183e+01
8.879411333432571496e+01
8.674346497120910726e+01
8.860322193022001613e+01
8.788030841206494870e+01
8.751832303199148555e+01
8.718065380252599539e+01
8.830630157819851433e+01
8.765229152431714965e+01
8.675432669460687407e+01
8.865645187870286748e+01
8.763160958518029986e+01
8.821025399206710915e+01
8.710568314213526264e+01
8.644611897138639733e+01
8.792715928538085279e+01
8.710240609436098680e+01
8.727475776284104825e+01
8.655201624736717747e+01
8.662463483228853534e+01
8.889820048505660566e+01
8.756146977385917296e+01
8.801403899886553006e+01
8.804737626155738894e+01
8.837626680566155812e+01
8.775069490363597424e+01
8.646648612943629075e+01
8.791370665601706946e+01
8.866530787598357222e+01
8.686651815200397664e+01
8.669749685186451416e+01
8.762040625630139346e+01
8.881775902782730725e+01
8.680625962965784481e+01
8.795715624363140250e+01
8.789004319912137930e+01
8.660057278308885031e+01
8.813003877659724594e+01
8.733124584656550837e+01
8.764507238865104455e+01
8.871188619948009091e+01
8.720448571301993468e+01
8.718422825232448758e+01
8.768976390453914860e+01
8.852441192586833552e+01
8.679450739017684668e+01
8.656126334366619801e+01
8.754665770762142074e+01
8.760301614275064708e+01
8.838116238029145677e+01
8.837403360934830232e+01
8.724901570072705681e+01
8.878460626896431052e+01
8.832619873515008635e+01
8.872620926501372196e+01
8.783997374573003469e+01
8.757755543329078307e+01
8.729287175585449177e+01
8.675179780743479796e+01
8.679858804426271490e+01
8.811355691084060027e+01
8.677843813800498651e+01
8.749167662207796070e+01
8.674240632804142592e+01
8.779362456251206481e+01
8.754779703991280826e+01
8.871737452135491253e+01
8.873540387050680067e+01
8.816941179363956849e+01
8.797783930708763478e+01
8.866228160269595548e+01
8.851992726198076866e+01
8.695777233242912985e+01
8.823787822895624799e+01
8.810431728872940482e+01
8.672907935107177479e+01
8.776354626921768443e+01
8.796375260093695658e+01
8.654372260785407889e+01
8.845830338743192556e+01
8.759433314389104908e+01
8.682823014735210165e+01
8.876088760699613545e+01
8.704063153919435081e+01
8.840404769779729577e+01
8.839331216645099687e+01
8.851444201377390186e+01
8.825693947883719659e+01
8.844324604195402628e+01
8.876038691578357032e+01
8.878031762723033182e+01
8.814972529232952070e+01
8.758287597705341909e+01
8.790816688949126956e+01
8.870971208564000676e+01
8.664200527781439121e+01
8.786447683105204476e+01
8.735031203332815153e+01
8.729317743601396273e+01
8.711797338899815202e+01
8.767731865744779896e+01
8.720323051274266390e+01
8.823854302271369932e+01
8.659879087222643079e+01
8.786424699146925832e+01
8.658350951023194852e+01
8.833211343867904475e+01
8.761056073628438412e+01
8.800163911701068287e+01
8.864457527900944456e+01
8.706344055980707708e+01
8.791549437933204558e+01
8.686675752334456035e+01
8.722705234384997652e+01
8.816527528142684389e+01
8.838493300054457791e+01
8.847888620030974494e+01
8.651260692140385800e+01
8.860952874712279481e+01
8.833654031166412324e+01
8.663969532424094666e+01
8.790186529890863198e+01
8.860116160842616750e+01
8.765327682858205094e+01
8.706008439282707911e+01
8.702843353490536060e+01
8.813479185635996771e+01
8.818650880457410324e+01
8.740286380358382701e+01
8.791379552316898582e+01
8.654643432536160219e+01
8.862616859967906180e+01
8.706997119289270870e+01
8.797510226593087168e+01
8.794047569953261245e+01
8.654455231630450385e+01
8.731724991932256330e+01
8.773348303192662456e+01
8.813647087098011923e+01
8.706193782539891401e+01
8.862243016878383628e+01
8.828049574591263138e+01
8.687664917715089530e+01
8.695028945632134310e+01
8.847870958288154952e+01
8.672312640968542041e+01
8.792735210096799392e+01
8.853300777330601079e+01
8.816530397555746390e+01
8.667771154736726658e+01
8.705837410084237149e+01
8.696284159991665774e+01
8.866527811785978486e+01
8.826710652507185273e+01
8.762159252170783930e+01
8.850246825811454698e+01
8.816040228253139333e+01
8.784422436974358561e+01
8.763192799795405108e+01
8.675644270056292839e+01
8.776607482098579283e+01
8.763854596603795244e+01
8.755033587716859245e+01
8.872563882453080453e+01
8.811893928259681275e+01
8.860950027301204557e+01
8.860950027301204557e+01
8.842121011510032247e+01
8.834015914357239296e+01
8.799743676756051514e+01
8.828665001752507635e+01
8.744458169115652879e+01
8.659225739289331614e+01
8.830777078572015171e+01
8.865634846849377482e+01
8.744419760399276242e+01
8.690311459964912899e+01
8.814539796666045390e+01
8.719618369450060413e+01
8.719618369450060413e+01
8.669074316138599556e+01
8.749702295932530660e+01
8.860527599245477859e+01
8.860527599245477859e+01
8.712055172888847210e+01
8.712055172888847210e+01
8.704346533550635456e+01
8.837620561013625320e+01
8.777061713706650892e+01
8.756025748382793950e+01
8.819941733124767325e+01
8.819941733124767325e+01
8.788887467985745161e+01
8.688838564819204180e+01
8.688838564819204180e+01
8.713449029007756508e+01
8.815408237295883964e+01
8.852584397109728798e+01
8.855307204351316841e+01
8.761828987646316591e+01
8.734793551576673565e+01
8.785067874785694642e+01
8.812546207166667500e+01
8.827341561469256703e+01
8.827341561469256703e+01
8.745227505989032579e+01
8.745227505989032579e+01
8.782602620630260049e+01
8.820400268430773849e+01
8.704760282432883400e+01
8.820702535031875868e+01
8.726135456726375139e+01
8.855950416231459599e+01
8.676869297656473634e+01
8.693168323120551122e+01
8.743034382808070859e+01
8.835930942782482589e+01
8.849839454608476785e+01
8.708689818899509305e+01
8.840921847321720861e+01
8.825498553700398929e+01
8.811229908882891948e+01
8.847900222632551959e+01
8.710663112096699479e+01
8.682831651396467976e+01
8.667022686289408284e+01
8.697241710641715429e+01
8.750767814562280478e+01
8.806409914592751420e+01
8.687195730969440888e+01
8.798071818795372678e+01
8.666399650057553572e+01
8.727067724461693388e+01
8.736640859881242704e+01
8.689440647607187884e+01
8.751548864186231924e+01
8.724973920323746768e+01
8.724973920323746768e+01
8.796703354283371823e+01
8.741559949925466810e+01
8.666832900889143332e+01
8.725361566776059874e+01
8.710388151111294519e+01
8.715365121362816581e+01
8.792829280829343475e+01
8.770865624861492904e+01
8.801500914233776030e+01
8.801500914233776030e+01
8.729009825408368783e+01
8.705000174339232899e+01
8.843162139593039228e+01
8.843162139593039228e+01
8.862926327477406119e+01
8.755952085914184124e+01
8.688616370024820412e+01
8.859272434093485060e+01
8.664394182151016821e+01
8.845645409235825696e+01
8.774274959425915199e+01
8.774274959425915199e+01
8.697920583592313903e+01
8.777108153241353250e+01
8.815982709753131985e+01
8.814628890825295571e+01
8.759429377757639656e+01
8.809691732258777108e+01
8.671133072202366066e+01
8.770597557584034121e+01
8.770597557584034121e+01
8.673783904925112154e+01
8.863561554321324820e+01
8.713343610981084453e+01
8.861039753833492227e+01
8.737217638829402233e+01
8.737217638829402233e+01
8.855766890707488415e+01
8.835042320783728087e+01
8.772590431003148126e+01
8.746618514735824590e+01
8.713504808705795313e+01
8.857347234461209950e+01
8.719205316357783886e+01
8.844421768499391590e+01
8.714373186671987526e+01
8.767726695826884509e+01
8.696604740875116590e+01
8.696604740875116590e+01
8.811351802030438307e+01
8.722615935505413631e+01
8.722615935505413631e+01
8.731002426942752948e+01
8.731002426942752948e+01
8.822506173244089211e+01
8.825310819826053432e+01
8.825310819826053432e+01
8.725364695268393689e+01
8.838133958908574073e+01
8.820969642698054258e+01
8.716885271944350677e+01
8.695021619852391837e+01
8.756992425026967908e+01
8.698077481435595359e+01
8.698077481435595359e+01
8.766768227426508986e+01
8.850826149366810114e+01
8.850826149366810114e+01
8.763108483419242134e+01
8.838146135635439293e+01
8.800403635341180575e+01
8.800403635341180575e+01
8.835899129029846222e+01
8.705257657680232342e+01
8.705257657680232342e+01
8.730715542339213187e+01
8.793879560173218124e+01
8.751850095498166127e+01
8.729847592974552128e+01
8.731817277360475771e+01
8.758721050615781678e+01
8.727370282564754689e+01
8.727370282564754689e+01
8.680384818312286654e+01
8.680384818312286654e+01
8.722862115614115908e+01
8.730295069521093865e+01
8.730295069521093865e+01
8.691375793317222076e+01
8.843449327628485435e+01
8.803235782306957447e+01
8.803235782306957447e+01
8.755120095896359089e+01
8.718260711224937154e+01
8.784190811719456349e+01
8.696332438695172584e+01
8.696332438695172584e+01
8.802397794899187033e+01
8.749263630354471388e+01
8.727808323804919155e+01
8.697595441800436333e+01
8.832138513488871467e+01
8.747961801700419926e+01
8.747961801700419926e+01
8.745263452748753252e+01
8.745263452748753252e+01
8.684684449787604876e+01
8.684684449787604876e+01
8.747950431278485439e+01
8.685463276976248892e+01
8.685463276976248892e+01
8.782724393622736159e+01
8.807728160118949745e+01
8.717553196832464835e+01
8.675560801272919775e+01
8.771103460857608525e+01
8.771103460857608525e+01
8.817705300897816301e+01
8.822261432351670862e+01
8.837530654816733033e+01
8.753474751410207944e+01
8.753474751410207944e+01
8.823302232378732413e+01
8.823302232378732413e+01
8.701182000301750463e+01
8.701182000301750463e+01
8.732619201685022858e+01
8.786911081885534713e+01
8.853083976792201781e+01
8.846646534844165899e+01
8.808908168501558578e+01
8.723958819367852868e+01
8.723958819367852868e+01
8.772099717914815642e+01
8.724378521269557041e+01
8.818057588469048369e+01
8.745489900011909867e+01
8.745489900011909867e+01
8.730501724454360613e+01
8.679828200760594825e+01
8.679828200760594825e+01
8.770362531235262793e+01
8.691568158025016544e+01
8.840648369684095087e+01
8.690087454696255520e+01
8.762237836089028065e+01
8.803011758840273160e+01
8.823520716212661341e+01
8.767724833496703241e+01
8.790776886099632748e+01
8.798176312325314541e+01
8.789287580969060798e+01
8.693344025226146243e+01
8.820537597626002935e+01
8.852774401353740075e+01
8.852774401353740075e+01
8.759034916969427798e+01
8.711741516159378307e+01
8.679740002303367419e+01
8.821962391889952926e+01
8.698249591576239936e+01
8.819429153712756886e+01
8.803109512789644953e+01
8.787613194928860594e+01
8.856472845916238157e+01
8.818819754162120717e+01
8.826595139026827042e+01
8.735715835336196733e+01
8.757950813207749263e+01
8.753917241675915761e+01
8.753917241675915761e+01
8.751063291405647249e+01
8.729164218857042101e+01
8.826744720242773212e+01
8.809060646278044260e+01
8.809060646278044260e+01
8.847589941175222350e+01
8.693826640265216099e+01
8.785781407464983772e+01
8.842148981716398737e+01
8.842148981716398737e+01
8.830261362693063631e+01
8.716668931308214496e+01
8.716668931308214496e+01
8.840073750541853315e+01
8.840073750541853315e+01
8.761657231200297247e+01
8.761657231200297247e+01
8.801665297712547442e+01
8.684047395976415373e+01
8.738494527269145351e+01
8.738494527269145351e+01
8.787955551827292311e+01
8.787955551827292311e+01
8.841387438313400082e+01
8.841387438313400082e+01
8.733161940118976929e+01
8.732512463797901603e+01
8.707046652476590509e+01
8.788017410202813551e+01
8.845460687970364688e+01
8.702229489029458875e+01
8.702229489029458875e+01
8.727499255035776571e+01
8.727499255035776571e+01
8.691509470649685909e+01
8.696911304040189350e+01
8.696911304040189350e+01
8.682679932000496592e+01
8.726966572299440372e+01
8.726966572299440372e+01
8.846579623691756922e+01
8.754306056286768012e+01
8.754306056286768012e+01
8.785071351775656012e+01
8.785071351775656012e+01
8.776846005335482914e+01
8.676090888556298353e+01
8.700000077260651210e+01
8.684541826901319439e+01
8.684541826901319439e+01
8.715653858185613956e+01
8.715653858185613956e+01
8.730198015838597314e+01
8.853270348929478928e+01
8.737787586392974504e+01
8.737787586392974504e+01
8.760302567393605955e+01
8.748581619827118061e+01
8.748581619827118061e+01
8.815226860556801114e+01
8.719444842819507357e+01
8.833839245535924078e+01
8.688373535809762416e+01
8.699068498248138326e+01
8.739018783315901828e+01
8.738475374168079668e+01
8.744819786152794450e+01
8.851009936821203894e+01
8.701615377756128566e+01
8.849399874923722109e+01
8.852732549866308887e+01
8.852732549866308887e+01
8.798075619632027156e+01
8.798075619632027156e+01
8.687341661526484415e+01
8.783199526491451081e+01
8.768126358965908196e+01
8.768126358965908196e+01
8.782223506741684105e+01
8.839168695552227462e+01
8.839168695552227462e+01
8.771453358902556374e+01
8.676722726421118637e+01
8.716255397738848387e+01
8.833579405885232916e+01
8.742390001753639694e+01
8.846137667185865894e+01
8.756214937086109273e+01
8.723364594916520787e+01
8.809133729503972177e+01
8.824408737983118556e+01
8.775257402056439560e+01
8.775257402056439560e+01
8.819181051642010516e+01
8.745909629154709819e+01
8.745909629154709819e+01
8.767781392045077382e+01
8.826439059585995039e+01
8.696418146724525400e+01
8.842297629365562273e+01
8.807724797644013393e+01
8.773249801308291751e+01
8.773249801308291751e+01
8.741957443581732434e+01
8.843585702120959979e+01
8.840094633985191308e+01
8.840094633985191308e+01
8.823773971243457481e+01
8.832081870102349797e+01
8.733816134821466903e+01
8.806662855795232758e+01
8.827780989789788180e+01
8.827780989789788180e+01
8.797003863800578927e+01
8.736838356723578158e+01
8.736838356723578158e+01
8.838013952372482152e+01
8.784119452955049212e+01
8.766920784003043821e+01
8.802856552471972407e+01
8.705489606880284725e+01
8.705489606880284725e+01
8.839263099606105811e+01
8.816370187326691621e+01
8.816370187326691621e+01
8.688622603759979768e+01
8.688622603759979768e+01
8.700852508069066005e+01
8.692960936606704081e+01
8.718197564541178224e+01
8.803829479750591247e+01
8.743564905528376130e+01
8.816383353330606099e+01
8.836181795065813560e+01
8.830719169750369701e+01
8.818980796974527436e+01
8.702686864434438974e+01
8.702686864434438974e+01
8.708466442630970050e+01
8.696939134512450664e+01
8.718133440033528814e+01
8.718133440033528814e+01
8.838667684635269950e+01
8.748196237115814711e+01
8.748196237115814711e+01
8.715832249161840650e+01
8.715832249161840650e+01
8.815098238439334466e+01
8.711165485140723774e+01
8.711165485140723774e+01
8.806950876662226335e+01
8.806950876662226335e+01
8.763544885986070199e+01
8.763544885986070199e+01
8.682371827079583682e+01
8.835674026287823324e+01
8.835674026287823324e+01
8.692019860200593939e+01
8.791209419901227307e+01
8.791209419901227307e+01
8.787157551364593644e+01
8.787157551364593644e+01
8.753851764597442298e+01
8.753851764597442298e+01
8.847701278227540911e+01
8.813865844539731143e+01
8.824833212164506335e+01
8.824833212164506335e+01
8.836944660880840274e+01
8.836944660880840274e+01
8.799168000018876512e+01
8.740778552736564677e+01
8.807415534028652360e+01
8.754871993923094919e+01
8.702806133374849651e+01
8.827211300198038657e+01
8.827211300198038657e+01
8.718792629703045804e+01
8.718792629703045804e+01
8.761546023018591711e+01
8.787072152804601899e+01
8.730270812183886164e+01
8.713671096854426423e+01
8.698298688014578772e+01
8.783335361666405561e+01
8.783335361666405561e+01
8.814380734696204911e+01
8.690439347023745142e+01
8.783284993746676150e+01
8.711410130335097790e+01
8.711410130335097790e+01
8.810891187756016052e+01
8.810891187756016052e+01
8.810795520117891044e+01
8.691627785808270801e+01
8.840606162106205090e+01
8.714575221595330845e+01
8.743299287975190737e+01
8.690069770740420552e+01
8.690069770740420552e+01
8.774375151123112460e+01
8.774375151123112460e+01
8.686813951691620161e+01
8.833824910900085570e+01
8.738707535421713146e+01
8.754672226253477163e+01
8.754672226253477163e+01
8.760306297766238970e+01
8.760306297766238970e+01
8.739462392999993767e+01
8.765900340557894310e+01
8.842376884010518268e+01
8.767697224645885967e+01
8.802265236941201465e+01
8.840796777639023674e+01
8.793124047110327979e+01
8.773544916914846681e+01
8.699964908427890009e+01
8.699964908427890009e+01
8.774263184502574120e+01
8.802660023962901903e+01
8.802660023962901903e+01
8.722312781028814754e+01
8.823582953230415171e+01
8.841134334089829849e+01
8.841134334089829849e+01
8.761929123553751708e+01
8.686355454053371261e+01
8.799529795559746503e+01
8.771047737066481886e+01
8.818299535569917680e+01
8.787586528801310237e+01
8.785069049793013107e+01
8.800889958679343295e+01
8.800889958679343295e+01
8.734588073271383735e+01
8.734588073271383735e+01
8.829644083609044003e+01
8.717275100312421898e+01
8.752703920072194421e+01
8.752703920072194421e+01
8.802876354306054907e+01
8.802876354306054907e+01
8.821750221972254735e+01
8.831905756389859619e+01
8.781050733667763097e+01
8.807304152768253402e+01
8.807304152768253402e+01
8.782525642415714628e+01
8.751861260953089072e+01
8.746009531963140660e+01
8.713865959503270631e+01
8.704091383204924171e+01
8.789402029126868854e+01
8.741266581904937993e+01
8.741266581904937993e+01
8.695182841848811961e+01
8.695182841848811961e+01
8.741149576321556935e+01
8.741149576321556935e+01
8.751841260171170234e+01
8.746973888138917630e+01
8.807503871821103303e+01
8.807503871821103303e+01
8.770126674679173107e+01
8.843687608549831225e+01
8.843687608549831225e+01
8.837240860263432296e+01
8.814485166622250745e+01
8.814485166622250745e+01
8.814035413560571897e+01
8.705526482730618909e+01
8.685927875400585663e+01
8.831531837712418564e+01
8.694313827007852069e+01
8.781061003382201591e+01
8.717975565528999482e+01
8.783404278101561147e+01
8.805792504024115885e+01
8.739286118179032314e+01
8.784387765522251357e+01
8.702297595473817182e+01
8.706541253516242307e+01
8.819356199646081507e+01
8.798629615893048594e+01
8.713182755070950236e+01
8.825064458727224803e+01
8.825064458727224803e+01
8.837017322608872405e+01
8.739175204434167199e+01
8.760795642399452277e+01
8.821436252402335754e+01
8.795946292746059214e+01
8.795946292746059214e+01
8.768350167554851282e+01
8.760274935778670624e+01
8.735868044066177163e+01
8.735868044066177163e+01
8.840721424689382957e+01
8.746876879358320878e+01
8.769458257801882439e+01
8.731848450809597750e+01
8.835963976861157221e+01
8.794767017712813129e+01
8.823950301490376091e+01
8.795869518485545768e+01
8.795869518485545768e+01
8.840271860729922082e+01
8.688533411760265324e+01
8.688533411760265324e+01
8.747659628066099913e+01
8.731980572109362981e+01
8.769293459128806489e+01
8.769293459128806489e+01
8.754998060063617515e+01
8.754998060063617515e+01
8.821805480207507344e+01
8.789886820474848150e+01
8.836469810099154643e+01
8.689363047963068709e+01
8.763732819076479075e+01
8.818812429936079411e+01
8.818812429936079411e+01
8.724843554517332223e+01
8.791096793702713796e+01
8.701164328071800469e+01
8.741798176465186998e+01
8.749118833816537233e+01
8.730920276471718466e+01
8.739085654611817233e+01
8.832105516987697058e+01
8.753551216775755961e+01
8.748137758874315750e+01
8.747198070086255939e+01
8.786584981393471594e+01
8.737173420013047576e+01
8.688537799643307835e+01
8.688537799643307835e+01
8.735747450742707088e+01
8.798326948418005600e+01
8.798326948418005600e+01
8.769466575761909155e+01
8.688573512025570267e+01
8.763939145111942253e+01
8.807690484557026878e+01
8.749699353497872778e+01
8.714948792113661113e+01
8.798761259126655432e+01
8.774205422519578690e+01
8.816455984416168690e+01
8.735253148702386738e+01
8.828364551687457151e+01
8.702680700558056515e+01
8.767086328204359802e+01
8.739512885112836216e+01
8.725503517340850124e+01
8.787522366864862988e+01
8.741231667888976631e+01
8.791111204328873896e+01
8.763625557244290576e+01
8.695867044778059096e+01
8.796396155116056548e+01
8.703456588163028584e+01
8.703456588163028584e+01
8.767251591631823260e+01
8.767251591631823260e+01
8.764501129013143554e+01
8.705205755505498644e+01
8.800870884534761274e+01
8.707438099612255655e+01
8.747773323404281598e+01
8.747773323404281598e+01
8.727460706230534981e+01
8.714411713062322917e+01
8.714411713062322917e+01
8.706889583480916883e+01
8.706889583480916883e+01
8.815856320169767457e+01
8.728541802990908138e+01
8.714002511554377861e+01
8.693675374611053996e+01
8.771733203722821770e+01
8.799555394713226519e+01
8.714462141130348982e+01
8.793725515904650081e+01
8.709177304778523876e+01
8.814184722394887217e+01
8.714176930295084844e+01
8.716874766790066076e+01
8.713403636576799727e+01
8.797905011626068017e+01
8.810695233309381535e+01
8.816570187098301403e+01
8.765186343872022690e+01
8.761769097022211383e+01
8.722593160507251753e+01
8.763675507598937031e+01
8.745834993557531334e+01
8.759693130173332065e+01
8.705841513898434414e+01
8.756384506030245518e+01
8.704057434356278122e+01
8.692512008371103605e+01
8.807907834556623072e+01
8.807907834556623072e+01
8.727926371387836468e+01
8.727926371387836468e+01
8.692469218818736465e+01
8.789593300245016394e+01
8.699293175513466281e+01
8.730057959898717002e+01
8.730057959898717002e+01
8.834572532629537989e+01
8.784009077134729182e+01
8.804541980199618934e+01
8.747238470557581991e+01
8.759099414744119372e+01
8.722565726595925639e+01
8.743843667838305578e+01
8.752385424313646922e+01
8.821126845000799221e+01
8.723008131294031386e+01
8.787924160412512720e+01
8.784549900998463556e+01
8.794322829890705862e+01
8.695293634598421306e+01
8.721999287581029137e+01
8.721199179696348835e+01
8.821917707842999334e+01
8.779545759415088924e+01
8.779545759415088924e+01
8.742838707775582918e+01
8.728755193294381343e+01
8.787995170925458410e+01
8.826449519130412114e+01
8.710978636304925260e+01
8.728693232435728078e+01
8.732794422647538113e+01
8.746045582539866814e+01
8.725957970088005311e+01
8.821461646233626652e+01
8.756484963706076030e+01
8.761614408848447511e+01
8.799199197284205809e+01
8.745003039220055996e+01
8.745003039220055996e+01
8.736887379798038467e+01
8.790089693574543617e+01
8.739442163505550809e+01
8.717507851195601631e+01
8.832936088818861720e+01
8.720215426261702873e+01
8.821853529244987158e+01
8.736694747433597286e+01
8.761580179340032259e+01
8.758110708196647920e+01
8.725724613228834414e+01
8.728844580080652804e+01
8.746013220874326066e+01
8.827871877750845897e+01
8.828087352722243963e+01
8.698488622265757897e+01
8.830725466293171166e+01
8.741612669260447888e+01
8.741612669260447888e+01
8.762937299487877851e+01
8.762937299487877851e+01
8.767624880579089108e+01
8.734785737263494809e+01
8.818220080606957367e+01
8.769123618652996299e+01
8.816543571468515950e+01
8.817313888435521108e+01
8.698784908019590034e+01
8.794398786912971389e+01
8.825052168828126753e+01
8.721695774001290147e+01
8.752170423916699349e+01
8.738665144695617926e+01
8.707440589139294218e+01
8.707440589139294218e+01
8.731609436833170435e+01
8.731609436833170435e+01
8.728002501628631649e+01
8.780898081860397042e+01
8.784844947688377204e+01
8.784844947688377204e+01
8.726242569463565246e+01
8.723816274130055604e+01
8.776710728132751171e+01
8.776710728132751171e+01
8.722870784467028216e+01
8.727672256063054590e+01
8.809979297472038695e+01
8.753162602904963308e+01
8.713941610901574109e+01
8.716622971228792949e+01
8.825625088927269246e+01
8.758670538851187359e+01
8.794025772506728345e+01
8.710380036825414152e+01
8.826562378784753093e+01
8.746092477716300095e+01
8.814461320948501566e+01
8.779719804898824975e+01
8.725704979370483727e+01
8.781191341114831062e+01
8.822672922555845787e+01
8.733820011274691808e+01
8.826798190755880569e+01
8.732325861762781471e+01
8.706590065487914387e+01
8.776669385395553036e+01
8.776669385395553036e+01
8.710731156544262888e+01
8.822647430010331959e+01
8.814121071896946091e+01
8.820156616165941443e+01
8.777206238480258094e+01
8.724604104734720522e+01
8.727433822423338938e+01
8.754899083247474323e+01
8.723650080813655450e+01
8.718953071491600326e+01
8.824521860290785469e+01
8.723493908944314512e+01
8.817751595247335672e+01
8.763714886285553973e+01
8.752400126073142417e+01
8.788314860672772966e+01
8.726464363190609674e+01
8.709597105110148618e+01
8.755344681584725208e+01
8.757341530821361175e+01
8.809644037257358207e+01
8.767049531490957293e+01
8.746921440426278593e+01
8.732787640961528552e+01
8.755130192057603722e+01
8.812118437861262521e+01
8.717524233206160034e+01
8.782248035963139898e+01
8.798386382907055747e+01
8.798386382907055747e+01
8.753047026272440689e+01
8.774676802262783326e+01
8.764158261946674600e+01
8.740322006902979979e+01
8.808314915058704742e+01
8.714495052670071118e+01
8.714495052670071118e+01
8.782372485860869915e+01
8.811011548838371255e+01
8.735601591746168992e+01
8.782087676965450385e+01
8.758705259407943799e+01
8.711030059736029330e+01
8.770847901000423974e+01
8.711371332994832528e+01
8.704972259801068901e+01
8.752412911138583240e+01
8.782805668347810979e+01
8.812719089495860203e+01
8.732884189664177654e+01
8.756041903397120052e+01
8.759599308581597654e+01
8.715984462251827836e+01
8.747105208678648580e+01
8.718373334398756924e+01
8.783604324749309455e+01
8.713553291762114839e+01
8.772841864358316855e+01
8.820134507077916908e+01
8.789394187501122246e+01
8.782727602474527373e+01
8.712464917010912302e+01
8.783327915551866738e+01
8.763085099523357258e+01
8.798677380617752419e+01
8.822391228642626970e+01
8.794582400218988028e+01
8.769124368317420704e+01
8.703533340909443439e+01
8.812177147699389934e+01
8.715587533150899446e+01
8.706929504567190747e+01
8.753888068729020233e+01
8.773717749093499663e+01
8.818100613080386552e+01
8.793517454749176920e+01
8.787999059860132434e+01
8.752575599188151045e+01
8.704068123174073435e+01
8.759891051297927334e+01
8.761584344980515482e+01
8.763546077147793767e+01
8.783788482161207867e+01
8.711567738288289320e+01
8.821099789627315602e+01
8.728336888012287886e+01
8.720768426317052047e+01
8.815554320720180215e+01
8.760320162278790690e+01
8.794835404673126789e+01
8.739770770458675031e+01
8.796302594777333184e+01
8.787400122696912774e+01
8.760568953134622916e+01
8.742729072933921941e+01
8.720534538556785265e+01
8.757643297321857290e+01
8.776998507106982572e+01
8.812657473779742645e+01
8.706764227591673944e+01
8.745795338972234845e+01
8.799041256871788619e+01
8.819485698201324908e+01
8.825335827325962157e+01
8.719672985304386259e+01
8.779310377453465719e+01
8.796747922974253697e+01
8.745093759349454388e+01
8.802166436033316188e+01
8.809107188434634850e+01
8.725482091882052771e+01
8.818061625637176348e+01
8.740914919822023421e+01
8.717680863499055022e+01
8.746903109374930807e+01
8.713276076255283442e+01
8.711516337090040452e+01
8.709572632002749515e+01
8.741881674818596082e+01
8.780514885618505616e+01
8.790063812763401074e+01
8.780480673183328122e+01
8.739235854656814695e+01
8.709029318793136554e+01
8.739942996659515018e+01
8.796399246539789374e+01
8.804502180709084769e+01
8.715018373429357723e+01
8.726541282176845016e+01
8.723985095113900456e+01
8.801750911870699667e+01
8.790265311327385689e+01
8.789973541280974700e+01
8.822809222565483367e+01
8.756920324875898132e+01
8.770808132620142317e+01
8.821936408701631649e+01
8.812190532910091179e+01
8.782494110784918462e+01
8.743069118808952567e+01
8.735517549577619434e+01
8.756805108581106367e+01
8.732979102438950747e+01
8.812034698508867336e+01
8.797649873310619739e+01
8.735510034912914534e+01
8.794341926848846924e+01
8.788356851431723271e+01
8.722878927011237238e+01
8.805102455692720298e+01
8.806841645901602078e+01
8.777798398242542532e+01
8.733788647325356180e+01
8.723596911486808381e+01
8.717771085062092595e+01
8.815763914110374344e+01
8.731914229592884169e+01
8.750863638083248475e+01
8.804385673371331222e+01
8.710188591390934221e+01
8.788337642274545658e+01
8.728608834720878917e+01
8.779114443534581369e+01
8.793007434789619481e+01
8.800187755384085619e+01
8.805922566837254806e+01
8.715737715409089503e+01
8.729969103707698252e+01
8.745372801254904971e+01
8.731369059653751208e+01
8.787481286262263325e+01
8.717002882931555519e+01
8.782385703158688273e+01
8.750379000474701741e+01
8.775446538568496635e+01
8.805535712460256548e+01
8.723270724962154077e+01
8.729092188562239585e+01
8.778200824421173820e+01
8.794395994455540233e+01
8.747117697897773780e+01
8.792123235887144972e+01
8.727826550834512886e+01
8.783445363553637719e+01
8.745124803512203471e+01
8.814923371820904663e+01
8.805418600679354313e+01
8.767915656945628200e+01
8.737880221135527847e+01
8.751681917704209468e+01
8.767680675129865620e+01
8.767209047362852914e+01
8.775037727070275650e+01
8.778737590300842442e+01
8.771854962336770711e+01
8.750120174105306603e+01
8.737460927387199661e+01
8.765662854540533999e+01
8.769365243233798424e+01
8.792285047889318150e+01
8.765140179641716145e+01
8.778885789041126486e+01
8.772964452162378279e+01
8.791829336279766949e+01
8.810079061285139801e+01
8.757094079415182364e+01
8.724708824968351450e+01
8.757035212739084784e+01
8.757035212739084784e+01
8.733805119539842110e+01
8.727831485371349629e+01
8.747808299921040032e+01
8.721161078777262787e+01
8.784140899096381361e+01
8.773637293848351248e+01
8.740213657345603337e+01
8.791717505826385093e+01
8.757915777116477329e+01
8.775139190704670966e+01
8.795327952997021725e+01
8.743852756747446620e+01
8.766793013339497520e+01
8.766793013339497520e+01
8.779659382124448541e+01
8.711920578239303836e+01
8.731514961461238045e+01
8.807179838456180221e+01
8.749988976675004437e+01
8.733032911475169158e+01
8.738858479244970567e+01
8.804715196716959724e+01
8.799654474488137623e+01
8.768878239433374233e+01
8.768878239433374233e+01
8.759981045874963002e+01
8.781678946763459237e+01
8.743714174331535105e+01
8.805506647269071152e+01
8.812842527643462631e+01
8.778252607953946551e+01
8.730272606986525830e+01
8.807415890198710429e+01
8.751052681563537305e+01
8.763244311626088745e+01
8.775650963943945726e+01
8.775650963943945726e+01
8.761694351905123312e+01
8.754585098692572842e+01
8.754585098692572842e+01
8.797273646971200378e+01
8.785819466925255483e+01
8.785819466925255483e+01
8.763170926112020709e+01
8.750196164522981235e+01
8.779499571242416778e+01
8.731908088113408439e+01
8.734094021628200721e+01
8.775737517635451468e+01
8.795092488260857522e+01
8.785169554249671364e+01
8.763615742291194977e+01
8.761712733863777203e+01
8.737106756603716917e+01
8.766255793373110805e+01
8.772106095648369717e+01
8.760512802411851396e+01
8.745704454352170387e+01
8.794904668860236541e+01
8.755925118160502052e+01
8.762064074828354876e+01
8.762064074828354876e+01
8.805607390372905741e+01
8.794934841998707498e+01
8.738178684555128939e+01
8.754170283765068916e+01
8.795610117077055179e+01
8.795610117077055179e+01
8.751133896219303665e+01
8.753141329088921907e+01
8.724501149877913520e+01
8.775285752750973245e+01
8.730832580897492790e+01
8.819486255363700877e+01
8.774577001952870603e+01
8.761303369172993882e+01
8.776173017904201856e+01
8.776173017904201856e+01
8.788857986410519629e+01
8.748184581990921060e+01
8.763314691699808634e+01
8.765892364805532111e+01
8.765892364805532111e+01
8.792121508662874874e+01
8.715112077623631137e+01
8.755856243848415943e+01
8.745383142189274395e+01
8.745480548797337406e+01
8.776768398939428550e+01
8.776768398939428550e+01
8.790063067475720970e+01
8.749714307569873029e+01
8.746852111819308107e+01
8.746852111819308107e+01
8.726477551075477379e+01
8.773748525556743516e+01
8.757793422497678648e+01
8.784540683665835559e+01
8.739321064161734398e+01
8.782851167515896407e+01
8.731389414838716334e+01
8.776464460781305377e+01
8.776464460781305377e+01
8.737603447006144108e+01
8.762872721153873101e+01
8.762872721153873101e+01
8.774133207956695912e+01
8.788537560368312995e+01
8.724307638516984298e+01
8.793235848154432688e+01
8.750305985461945113e+01
8.750305985461945113e+01
8.779054716014832138e+01
8.788344378087067810e+01
8.788344378087067810e+01
8.767559214716469285e+01
8.766948074094656818e+01
8.775354595755972298e+01
8.752859929437828157e+01
8.784041854632106094e+01
8.766691123183828438e+01
8.739489316530608676e+01
8.789714833256689985e+01
8.768475336893840222e+01
8.764871870550349797e+01
8.785650809458257982e+01
8.768201942996860510e+01
8.770249942099492557e+01
8.736588668475351938e+01
8.803694254114870432e+01
8.747417063369745449e+01
8.742580273933418766e+01
8.724005235170885442e+01
8.762186302551891970e+01
8.768763257021277013e+01
8.776021892246221512e+01
8.754360045262961876e+01
8.774306655039330849e+01
8.762349782620503902e+01
8.761496307290703101e+01
8.744366567826266134e+01
8.772906601559409978e+01
8.776346950111923206e+01
8.793452776680503291e+01
8.728766245001560264e+01
8.742253805074788886e+01
8.758625689988021179e+01
8.737432518870936349e+01
8.737432518870936349e+01
8.752684458239849619e+01
8.787054584877782304e+01
8.735633088158181181e+01
8.749290726750494684e+01
8.779634661250651106e+01
8.779634661250651106e+01
8.764146829909138603e+01
8.804346826277296145e+01
8.798574021838108195e+01
8.716665276955876607e+01
8.778892476516412557e+01
8.751762815482611302e+01
8.751762815482611302e+01
8.731037032317340163e+01
8.773972938568411450e+01
8.815044411828955617e+01
8.719094322319983803e+01
8.769137483652997389e+01
8.732316718599174976e+01
8.761927690518000134e+01
8.761927690518000134e+01
8.744491431689223759e+01
8.726070052627952123e+01
8.743222261307367660e+01
8.749733227318715478e+01
8.748395985443796974e+01
8.752529893433467123e+01
8.752529893433467123e+01
8.801379033878126279e+01
8.749771732760116549e+01
8.792967482982479055e+01
8.762946689660323329e+01
8.740739085805110165e+01
8.740739085805110165e+01
8.767186127301124543e+01
8.790494860303221003e+01
8.714887360655623638e+01
8.785989886756573242e+01
8.775066218964583697e+01
8.766749992854218476e+01
8.731996835911860444e+01
8.733236419593571043e+01
8.786172617632134063e+01
8.786172617632134063e+01
8.722944784775930316e+01
8.805029081269911728e+01
8.793967391194151162e+01
8.767803794981421106e+01
8.734521308702369424e+01
8.813720187756592850e+01
8.755212602043980041e+01
8.755212602043980041e+01
8.787092507335330538e+01
8.754289272735775285e+01
8.754289272735775285e+01
8.791382324130374570e+01
8.748000677491563692e+01
8.748000677491563692e+01
8.738422233931359528e+01
8.738422233931359528e+01
8.785151895334035999e+01
8.784373887723803875e+01
8.793759294306164520e+01
8.752193847193746024e+01
8.771724385467862817e+01
8.771724385467862817e+01
8.755568816040151603e+01
8.755568816040151603e+01
8.802196108377522421e+01
8.785739101664462680e+01
8.739083944597186360e+01
8.756347965856951987e+01
8.753152237152103510e+01
8.777829349581121221e+01
8.719070394690632497e+01
8.749304296355262522e+01
8.794020669798122469e+01
8.794020669798122469e+01
8.724041877575314174e+01
8.774783808072942293e+01
8.774783808072942293e+01
8.783816199362885868e+01
8.730406003791728153e+01
8.781466722466154806e+01
8.770930110168976057e+01
8.759027745286174138e+01
8.758532867607470962e+01
8.783319877699833000e+01
8.731930710876656576e+01
8.798136067629199886e+01
8.778693886826170001e+01
8.796022564504218622e+01
8.756740896768853588e+01
8.756740896768853588e+01
8.742655996377109773e+01
8.737977027354634174e+01
8.776401008328625153e+01
8.794365610391670884e+01
8.714024211117367713e+01
8.757998319881568250e+01
8.726076332900844079e+01
8.787189389888966673e+01
8.726515137176266990e+01
8.775984848857706311e+01
8.798397307188623984e+01
8.750277612472645217e+01
8.757177281224056742e+01
8.757177281224056742e+01
8.767401990383501698e+01
8.785346048373644123e+01
8.785346048373644123e+01
8.812754194479131797e+01
8.788118760904957583e+01
8.796753446221666195e+01
8.764079672927937281e+01
8.731937065972368828e+01
8.779043562090620867e+01
8.779043562090620867e+01
8.741109454699798675e+01
8.785015889896656915e+01
8.756875496702505757e+01
8.729258835257327576e+01
8.767448423281949488e+01
8.769647156357353879e+01
8.782355091767071542e+01
8.764454736286100456e+01
8.764454736286100456e+01
8.775858122454087606e+01
8.764091909568924166e+01
8.764091909568924166e+01
8.790713001770791379e+01
8.790713001770791379e+01
8.767861716043481124e+01
8.767861716043481124e+01
8.744320567011106959e+01
8.775648216383316935e+01
8.775796372403880241e+01
8.742065052016315008e+01
8.742065052016315008e+01
8.751054560951865824e+01
8.751054560951865824e+01
8.745877142058601805e+01
8.745877142058601805e+01
8.760535452803736689e+01
8.762436921697251080e+01
8.768041832295698157e+01
8.769033506067593464e+01
8.730889390468207978e+01
8.783255496645455196e+01
8.779530787642677581e+01
8.734275723951218140e+01
8.799036056026403685e+01
8.763704917268626104e+01
8.752688558557298393e+01
8.728997286160333147e+01
8.714522451089523258e+01
8.748993640403716654e+01
8.748993640403716654e+01
8.773236291114116625e+01
8.721353914509694505e+01
8.791702120656213992e+01
8.784142165373746991e+01
8.805495616715219853e+01
8.782934677316777083e+01
8.777388315162333754e+01
8.759241876880631139e+01
8.741807065753954475e+01
8.807675990016582546e+01
8.750353850737128880e+01
8.750353850737128880e+01
8.754669847275081906e+01
8.762524920344742441e+01
8.769726688829884154e+01
8.722169908246223713e+01
8.739936863849931115e+01
8.753825150779914566e+01
8.747613618935599789e+01
8.732947626787347417e+01
8.755736576348397193e+01
8.755736576348397193e+01
8.744655248350051124e+01
8.739510560874778378e+01
8.795154041981548687e+01
8.811405001915036905e+01
8.746357955561518338e+01
8.786899233626589023e+01
8.751758348854593805e+01
8.734123172204843399e+01
8.765826881823983285e+01
8.799178221478490514e+01
8.763074493062448767e+01
8.763074493062448767e+01
8.756696222192772439e+01
8.756696222192772439e+01
8.717419345791941510e+01
8.802270306855277227e+01
8.797505532065741818e+01
8.805794956094494808e+01
8.760583795541418795e+01
8.768520919154460103e+01
8.739560257303283208e+01
8.725074611813192860e+01
8.771922558918120671e+01
8.780031069919920128e+01
8.761300709457738378e+01
8.783498452299409109e+01
8.783498452299409109e+01
8.735157016306500566e+01
8.764564611639795544e+01
8.783667749482006570e+01
8.810857871593276514e+01
8.819396613483385750e+01
8.724327201561294487e+01
8.766420871318682373e+01
8.760289210689641948e+01
8.806257547467468783e+01
8.786954533600994921e+01
8.806625221496260281e+01
8.735405250323219661e+01
8.786041540081120615e+01
8.786041540081120615e+01
8.774827235200494613e+01
8.748306063280489298e+01
8.740505148267899926e+01
8.775731694604478150e+01
8.762655939338426947e+01
8.774121882575624909e+01
8.772827820044264513e+01
8.761456966197825125e+01
8.792488564017315866e+01
8.792488564017315866e+01
8.750621452750719698e+01
8.765139301418390971e+01
8.759361880912354081e+01
8.760387692488436073e+01
8.744282800436228342e+01
8.738765105370163155e+01
8.764758101857128736e+01
8.764758101857128736e+01
8.789686458992909479e+01
8.771703120124368525e+01
8.807818943285194280e+01
8.815557759826738504e+01
8.749561418331842333e+01
8.806711084579006865e+01
8.783243609230773075e+01
8.740719796419710974e+01
8.719575977099916031e+01
8.732775174561112408e+01
8.728954084521927825e+01
8.801974836630695620e+01
8.776123748386196155e+01
8.795334181746130753e+01
8.721731779090566761e+01
8.753140442635188379e+01
8.800327553908613254e+01
8.747383699654372435e+01
8.787146825644538239e+01
8.791484961363259742e+01
8.775495526144096914e+01
