5.000000000000000000e+00 5.340000152587890625e+00
5.340000152587890625e+00 5.703120231628417969e+00
5.703120231628417969e+00 6.090939998626708984e+00
6.090939998626708984e+00 6.505129814147949219e+00
6.505129814147949219e+00 6.947480201721191406e+00
6.947480201721191406e+00 7.419909954071044922e+00
7.419909954071044922e+00 7.924469947814941406e+00
7.924469947814941406e+00 8.463330268859863281e+00
8.463330268859863281e+00 9.038840293884277344e+00
9.038840293884277344e+00 9.653490066528320312e+00
9.653490066528320312e+00 1.030990028381347656e+01
1.030990028381347656e+01 1.101099967956542969e+01
1.101099967956542969e+01 1.175979995727539062e+01
1.175979995727539062e+01 1.255939960479736328e+01
1.255939960479736328e+01 1.341349983215332031e+01
1.341349983215332031e+01 1.432559967041015625e+01
1.432559967041015625e+01 1.529969978332519531e+01
1.529969978332519531e+01 1.634009933471679688e+01
1.634009933471679688e+01 1.745129966735839844e+01
1.745129966735839844e+01 1.863800048828125000e+01
1.863800048828125000e+01 1.990539932250976562e+01
1.990539932250976562e+01 2.125889968872070312e+01
2.125889968872070312e+01 2.270450019836425781e+01
2.270450019836425781e+01 2.424850082397460938e+01
2.424850082397460938e+01 2.589739990234375000e+01
2.589739990234375000e+01 2.765839958190917969e+01
2.765839958190917969e+01 2.953919982910156250e+01
2.953919982910156250e+01 3.154789924621582031e+01
3.154789924621582031e+01 3.369309997558593750e+01
3.369309997558593750e+01 3.598429870605468750e+01
3.598429870605468750e+01 3.843119812011718750e+01
3.843119812011718750e+01 4.104460144042968750e+01
4.104460144042968750e+01 4.383560180664062500e+01
4.383560180664062500e+01 4.681639862060546875e+01
4.681639862060546875e+01 5.000000000000000000e+01
5.000000000000000000e+01 5.340000152587890625e+01
5.340000152587890625e+01 5.703120040893554688e+01
5.703120040893554688e+01 6.090940093994140625e+01
6.090940093994140625e+01 6.505130004882812500e+01
6.505130004882812500e+01 6.947480010986328125e+01
6.947480010986328125e+01 7.419909667968750000e+01
7.419909667968750000e+01 7.924459838867187500e+01
7.924459838867187500e+01 8.463330078125000000e+01
8.463330078125000000e+01 9.038839721679687500e+01
9.038839721679687500e+01 9.653489685058593750e+01
9.653489685058593750e+01 1.030989990234375000e+02
1.030989990234375000e+02 1.101100006103515625e+02
1.101100006103515625e+02 1.175979995727539062e+02
1.175979995727539062e+02 1.255940017700195312e+02
1.255940017700195312e+02 1.341349945068359375e+02
1.341349945068359375e+02 1.432559967041015625e+02
1.432559967041015625e+02 1.529969940185546875e+02
1.529969940185546875e+02 1.634010009765625000e+02
1.634010009765625000e+02 1.745130004882812500e+02
1.745130004882812500e+02 1.863800048828125000e+02
1.863800048828125000e+02 1.990540008544921875e+02
1.990540008544921875e+02 2.125890045166015625e+02
2.125890045166015625e+02 2.270449981689453125e+02
2.270449981689453125e+02 2.424850006103515625e+02
2.424850006103515625e+02 2.589739990234375000e+02
2.589739990234375000e+02 2.765840148925781250e+02
2.765840148925781250e+02 2.953919982910156250e+02
2.953919982910156250e+02 3.154790039062500000e+02
3.154790039062500000e+02 3.369309997558593750e+02
3.369309997558593750e+02 3.598429870605468750e+02
3.598429870605468750e+02 3.843120117187500000e+02
3.843120117187500000e+02 4.104460144042968750e+02
4.104460144042968750e+02 4.383559875488281250e+02
4.383559875488281250e+02 4.681640014648437500e+02
4.681640014648437500e+02 5.000000000000000000e+02
5.000000000000000000e+02 5.340000000000000000e+02
5.340000000000000000e+02 5.703120117187500000e+02
5.703120117187500000e+02 6.090939941406250000e+02
6.090939941406250000e+02 6.505120239257812500e+02
6.505120239257812500e+02 6.947479858398437500e+02
6.947479858398437500e+02 7.419910278320312500e+02
7.419910278320312500e+02 7.924459838867187500e+02
7.924459838867187500e+02 8.463330078125000000e+02
8.463330078125000000e+02 9.038839721679687500e+02
9.038839721679687500e+02 9.653489990234375000e+02
9.653489990234375000e+02 1.030989990234375000e+03
1.030989990234375000e+03 1.101099975585937500e+03
1.101099975585937500e+03 1.175979980468750000e+03
1.175979980468750000e+03 1.255939941406250000e+03
1.255939941406250000e+03 1.341349975585937500e+03
1.341349975585937500e+03 1.432560058593750000e+03
1.432560058593750000e+03 1.529969970703125000e+03
1.529969970703125000e+03 1.634010009765625000e+03
1.634010009765625000e+03 1.745130004882812500e+03
1.745130004882812500e+03 1.863800048828125000e+03
1.863800048828125000e+03 1.990540039062500000e+03
1.990540039062500000e+03 2.125889892578125000e+03
2.125889892578125000e+03 2.270449951171875000e+03
2.270449951171875000e+03 2.424850097656250000e+03
2.424850097656250000e+03 2.589739990234375000e+03
2.589739990234375000e+03 2.765840087890625000e+03
2.765840087890625000e+03 2.953919921875000000e+03
2.953919921875000000e+03 3.154790039062500000e+03
3.154790039062500000e+03 3.369310058593750000e+03
3.369310058593750000e+03 3.598429931640625000e+03
3.598429931640625000e+03 3.843120117187500000e+03
3.843120117187500000e+03 4.104459960937500000e+03
4.104459960937500000e+03 4.383560058593750000e+03
4.383560058593750000e+03 4.681649902343750000e+03
4.681649902343750000e+03 5.000000000000000000e+03
5.000000000000000000e+03 5.340000000000000000e+03
5.340000000000000000e+03 5.703120117187500000e+03
5.703120117187500000e+03 6.090939941406250000e+03
6.090939941406250000e+03 6.505120117187500000e+03
6.505120117187500000e+03 6.947479980468750000e+03
6.947479980468750000e+03 7.419910156250000000e+03
7.419910156250000000e+03 7.924459960937500000e+03
7.924459960937500000e+03 8.463330078125000000e+03
8.463330078125000000e+03 9.038839843750000000e+03
9.038839843750000000e+03 9.653490234375000000e+03
9.653490234375000000e+03 1.030990039062500000e+04
1.030990039062500000e+04 1.101100000000000000e+04
1.101100000000000000e+04 1.175979980468750000e+04
1.175979980468750000e+04 1.255940039062500000e+04
1.255940039062500000e+04 1.341350000000000000e+04
1.341350000000000000e+04 1.432559960937500000e+04
1.432559960937500000e+04 1.529970019531250000e+04
1.529970019531250000e+04 1.634009960937500000e+04
1.634009960937500000e+04 1.745130078125000000e+04
1.745130078125000000e+04 1.863790039062500000e+04
1.863790039062500000e+04 1.990530078125000000e+04
1.990530078125000000e+04 2.125890039062500000e+04
2.125890039062500000e+04 2.270450000000000000e+04
2.270450000000000000e+04 2.424850000000000000e+04
2.424850000000000000e+04 2.589730078125000000e+04
2.589730078125000000e+04 2.765840039062500000e+04
2.765840039062500000e+04 2.953919921875000000e+04
2.953919921875000000e+04 3.154780078125000000e+04
3.154780078125000000e+04 3.369310156250000000e+04
3.369310156250000000e+04 3.598430078125000000e+04
3.598430078125000000e+04 3.843119921875000000e+04
3.843119921875000000e+04 4.104460156250000000e+04
4.104460156250000000e+04 4.383560156250000000e+04
4.383560156250000000e+04 4.681639843750000000e+04
4.681639843750000000e+04 5.000000000000000000e+04
1.000000000000000000e+02 1.055790023803710938e+02
1.055790023803710938e+02 1.114700012207031250e+02
1.114700012207031250e+02 1.176890029907226562e+02
1.176890029907226562e+02 1.242549972534179688e+02
1.242549972534179688e+02 1.311880035400390625e+02
1.311880035400390625e+02 1.385070037841796875e+02
1.385070037841796875e+02 1.462350006103515625e+02
1.462350006103515625e+02 1.543939971923828125e+02
1.543939971923828125e+02 1.630079956054687500e+02
1.630079956054687500e+02 1.721029968261718750e+02
1.721029968261718750e+02 1.817050018310546875e+02
1.817050018310546875e+02 1.918430023193359375e+02
1.918430023193359375e+02 2.025460052490234375e+02
2.025460052490234375e+02 2.138470001220703125e+02
2.138470001220703125e+02 2.257779998779296875e+02
2.257779998779296875e+02 2.383750000000000000e+02
2.383750000000000000e+02 2.516750030517578125e+02
2.516750030517578125e+02 2.657160034179687500e+02
2.657160034179687500e+02 2.805409851074218750e+02
2.805409851074218750e+02 2.961940002441406250e+02
2.961940002441406250e+02 3.127189941406250000e+02
3.127189941406250000e+02 3.301669921875000000e+02
3.301669921875000000e+02 3.485880126953125000e+02
3.485880126953125000e+02 3.680360107421875000e+02
3.680360107421875000e+02 3.885700073242187500e+02
3.885700073242187500e+02 4.102500000000000000e+02
4.102500000000000000e+02 4.331390075683593750e+02
4.331390075683593750e+02 4.573049926757812500e+02
4.573049926757812500e+02 4.828200073242187500e+02
4.828200073242187500e+02 5.097569885253906250e+02
5.097569885253906250e+02 5.381979980468750000e+02
5.381979980468750000e+02 5.682260131835937500e+02
5.682260131835937500e+02 5.999290161132812500e+02
5.999290161132812500e+02 6.334010009765625000e+02
6.334010009765625000e+02 6.687399902343750000e+02
6.687399902343750000e+02 7.060520019531250000e+02
7.060520019531250000e+02 7.454439697265625000e+02
7.454439697265625000e+02 7.870349731445312500e+02
7.870349731445312500e+02 8.309459838867187500e+02
8.309459838867187500e+02 8.773070068359375000e+02
8.773070068359375000e+02 9.262550048828125000e+02
9.262550048828125000e+02 9.779329833984375000e+02
9.779329833984375000e+02 1.032489990234375000e+03
1.032489990234375000e+03 1.090099975585937500e+03
1.090099975585937500e+03 1.150920043945312500e+03
1.150920043945312500e+03 1.215130004882812500e+03
1.215130004882812500e+03 1.282930053710937500e+03
1.282930053710937500e+03 1.354510009765625000e+03
1.354510009765625000e+03 1.430079956054687500e+03
1.430079956054687500e+03 1.509869995117187500e+03
1.509869995117187500e+03 1.594109985351562500e+03
1.594109985351562500e+03 1.683050048828125000e+03
1.683050048828125000e+03 1.776949951171875000e+03
1.776949951171875000e+03 1.876089965820312500e+03
1.876089965820312500e+03 1.980770019531250000e+03
1.980770019531250000e+03 2.091280029296875000e+03
2.091280029296875000e+03 2.207959960937500000e+03
2.207959960937500000e+03 2.331149902343750000e+03
2.331149902343750000e+03 2.461209960937500000e+03
2.461209960937500000e+03 2.598530029296875000e+03
2.598530029296875000e+03 2.743510009765625000e+03
2.743510009765625000e+03 2.896580078125000000e+03
2.896580078125000000e+03 3.058179931640625000e+03
3.058179931640625000e+03 3.228810058593750000e+03
3.228810058593750000e+03 3.408949951171875000e+03
3.408949951171875000e+03 3.599149902343750000e+03
3.599149902343750000e+03 3.799959960937500000e+03
3.799959960937500000e+03 4.011969970703125000e+03
4.011969970703125000e+03 4.235810058593750000e+03
4.235810058593750000e+03 4.472140136718750000e+03
4.472140136718750000e+03 4.721649902343750000e+03
4.721649902343750000e+03 4.985089843750000000e+03
4.985089843750000000e+03 5.263220214843750000e+03
5.263220214843750000e+03 5.556870117187500000e+03
5.556870117187500000e+03 5.866899902343750000e+03
5.866899902343750000e+03 6.194240234375000000e+03
6.194240234375000000e+03 6.539830078125000000e+03
6.539830078125000000e+03 6.904709960937500000e+03
6.904709960937500000e+03 7.289950195312500000e+03
7.289950195312500000e+03 7.696669921875000000e+03
7.696669921875000000e+03 8.126089843750000000e+03
8.126089843750000000e+03 8.579469726562500000e+03
8.579469726562500000e+03 9.058150390625000000e+03
9.058150390625000000e+03 9.563530273437500000e+03
9.563530273437500000e+03 1.009709960937500000e+04
1.009709960937500000e+04 1.066050000000000000e+04
1.066050000000000000e+04 1.125520019531250000e+04
1.125520019531250000e+04 1.188320019531250000e+04
1.188320019531250000e+04 1.254620019531250000e+04
1.254620019531250000e+04 1.324620019531250000e+04
1.324620019531250000e+04 1.398520019531250000e+04
1.398520019531250000e+04 1.476550000000000000e+04
1.476550000000000000e+04 1.558929980468750000e+04
1.558929980468750000e+04 1.645909960937500000e+04
1.645909960937500000e+04 1.737740039062500000e+04
1.737740039062500000e+04 1.834690039062500000e+04
1.834690039062500000e+04 1.937059960937500000e+04
1.937059960937500000e+04 2.045130078125000000e+04
2.045130078125000000e+04 2.159240039062500000e+04
2.159240039062500000e+04 2.279709960937500000e+04
2.279709960937500000e+04 2.406900000000000000e+04
2.406900000000000000e+04 2.541180078125000000e+04
2.541180078125000000e+04 2.682969921875000000e+04
2.682969921875000000e+04 2.832659960937500000e+04
2.832659960937500000e+04 2.990700000000000000e+04
2.990700000000000000e+04 3.157559960937500000e+04
3.157559960937500000e+04 3.333730078125000000e+04
3.333730078125000000e+04 3.519730078125000000e+04
3.519730078125000000e+04 3.716100000000000000e+04
3.716100000000000000e+04 3.923439843750000000e+04
3.923439843750000000e+04 4.142339843750000000e+04
4.142339843750000000e+04 4.373450000000000000e+04
4.373450000000000000e+04 4.617460156250000000e+04
4.617460156250000000e+04 4.875080078125000000e+04
4.875080078125000000e+04 5.147069921875000000e+04
5.147069921875000000e+04 5.434250000000000000e+04
5.434250000000000000e+04 5.737439843750000000e+04
5.737439843750000000e+04 6.057550000000000000e+04
6.057550000000000000e+04 6.395519921875000000e+04
6.395519921875000000e+04 6.752339843750000000e+04
6.752339843750000000e+04 7.129070312500000000e+04
7.129070312500000000e+04 7.526820312500000000e+04
7.526820312500000000e+04 7.946770312500000000e+04
7.946770312500000000e+04 8.390150000000000000e+04
8.390150000000000000e+04 8.858260156250000000e+04
8.858260156250000000e+04 9.352489843750000000e+04
9.352489843750000000e+04 9.874289843750000000e+04
9.874289843750000000e+04 1.042520000000000000e+05
1.042520000000000000e+05 1.100690000000000000e+05
1.100690000000000000e+05 1.162100000000000000e+05
1.162100000000000000e+05 1.226930000000000000e+05
1.226930000000000000e+05 1.295390000000000000e+05
1.295390000000000000e+05 1.367660000000000000e+05
1.367660000000000000e+05 1.443970000000000000e+05
1.443970000000000000e+05 1.524530000000000000e+05
1.524530000000000000e+05 1.609590000000000000e+05
1.609590000000000000e+05 1.699390000000000000e+05
1.699390000000000000e+05 1.794210000000000000e+05
1.794210000000000000e+05 1.894310000000000000e+05
1.894310000000000000e+05 2.000000000000000000e+05
