3.400001525878906250e-01
3.631200790405273438e-01
3.878197669982910156e-01
4.141898155212402344e-01
4.423503875732421875e-01
4.724297523498535156e-01
5.045599937438964844e-01
5.388603210449218750e-01
5.755100250244140625e-01
6.146497726440429688e-01
6.564102172851562500e-01
7.010993957519531250e-01
7.488002777099609375e-01
7.995996475219726562e-01
8.541002273559570312e-01
9.120998382568359375e-01
9.741001129150390625e-01
1.040399551391601562e+00
1.111200332641601562e+00
1.186700820922851562e+00
1.267398834228515625e+00
1.353500366210937500e+00
1.445600509643554688e+00
1.544000625610351562e+00
1.648899078369140625e+00
1.760999679565429688e+00
1.880800247192382812e+00
2.008699417114257812e+00
2.145200729370117188e+00
2.291198730468750000e+00
2.446899414062500000e+00
2.613403320312500000e+00
2.791000366210937500e+00
2.980796813964843750e+00
3.183601379394531250e+00
3.400001525878906250e+00
3.631198883056640625e+00
3.878200531005859375e+00
4.141899108886718750e+00
4.423500061035156250e+00
4.724296569824218750e+00
5.045501708984375000e+00
5.388702392578125000e+00
5.755096435546875000e+00
6.146499633789062500e+00
6.564102172851562500e+00
7.011001586914062500e+00
7.487998962402343750e+00
7.996002197265625000e+00
8.540992736816406250e+00
9.121002197265625000e+00
9.740997314453125000e+00
1.040400695800781250e+01
1.111199951171875000e+01
1.186700439453125000e+01
1.267399597167968750e+01
1.353500366210937500e+01
1.445599365234375000e+01
1.544000244140625000e+01
1.648899841308593750e+01
1.761001586914062500e+01
1.880798339843750000e+01
2.008700561523437500e+01
2.145199584960937500e+01
2.291198730468750000e+01
2.446902465820312500e+01
2.613400268554687500e+01
2.790997314453125000e+01
2.980801391601562500e+01
3.183599853515625000e+01
3.400000000000000000e+01
3.631201171875000000e+01
3.878198242187500000e+01
4.141802978515625000e+01
4.423596191406250000e+01
4.724304199218750000e+01
5.045495605468750000e+01
5.388702392578125000e+01
5.755096435546875000e+01
6.146502685546875000e+01
6.564099121093750000e+01
7.010998535156250000e+01
7.488000488281250000e+01
7.995996093750000000e+01
8.541003417968750000e+01
9.121008300781250000e+01
9.740991210937500000e+01
1.040400390625000000e+02
1.111199951171875000e+02
1.186700439453125000e+02
1.267399902343750000e+02
1.353498535156250000e+02
1.445600585937500000e+02
1.544001464843750000e+02
1.648898925781250000e+02
1.761000976562500000e+02
1.880798339843750000e+02
2.008701171875000000e+02
2.145200195312500000e+02
2.291198730468750000e+02
2.446901855468750000e+02
2.613398437500000000e+02
2.791000976562500000e+02
2.980898437500000000e+02
3.183500976562500000e+02
3.400000000000000000e+02
3.631201171875000000e+02
3.878198242187500000e+02
4.141801757812500000e+02
4.423598632812500000e+02
4.724301757812500000e+02
5.045498046875000000e+02
5.388701171875000000e+02
5.755097656250000000e+02
6.146503906250000000e+02
6.564101562500000000e+02
7.010996093750000000e+02
7.487998046875000000e+02
7.996005859375000000e+02
8.540996093750000000e+02
9.120996093750000000e+02
9.741005859375000000e+02
1.040399414062500000e+03
1.111201171875000000e+03
1.186599609375000000e+03
1.267400390625000000e+03
1.353599609375000000e+03
1.445599609375000000e+03
1.544000000000000000e+03
1.648800781250000000e+03
1.761099609375000000e+03
1.880798828125000000e+03
2.008601562500000000e+03
2.145300781250000000e+03
2.291199218750000000e+03
2.446898437500000000e+03
2.613402343750000000e+03
2.791000000000000000e+03
2.980796875000000000e+03
3.183601562500000000e+03
5.579002380371093750e+00
5.890998840332031250e+00
6.219001770019531250e+00
6.565994262695312500e+00
6.933006286621093750e+00
7.319000244140625000e+00
7.727996826171875000e+00
8.158996582031250000e+00
8.613998413085937500e+00
9.095001220703125000e+00
9.602005004882812500e+00
1.013800048828125000e+01
1.070300292968750000e+01
1.130099487304687500e+01
1.193099975585937500e+01
1.259700012207031250e+01
1.330000305175781250e+01
1.404100036621093750e+01
1.482498168945312500e+01
1.565301513671875000e+01
1.652499389648437500e+01
1.744799804687500000e+01
1.842102050781250000e+01
1.944799804687500000e+01
2.053399658203125000e+01
2.167999267578125000e+01
2.288900756835937500e+01
2.416598510742187500e+01
2.551501464843750000e+01
2.693698120117187500e+01
2.844100952148437500e+01
3.002801513671875000e+01
3.170300292968750000e+01
3.347198486328125000e+01
3.533898925781250000e+01
3.731201171875000000e+01
3.939196777343750000e+01
4.159100341796875000e+01
4.391101074218750000e+01
4.636102294921875000e+01
4.894799804687500000e+01
5.167797851562500000e+01
5.455700683593750000e+01
5.760998535156250000e+01
6.082006835937500000e+01
6.420996093750000000e+01
6.780004882812500000e+01
7.157995605468750000e+01
7.556994628906250000e+01
7.979003906250000000e+01
8.423999023437500000e+01
8.894006347656250000e+01
9.389990234375000000e+01
9.914001464843750000e+01
1.046800537109375000e+02
1.105100097656250000e+02
1.166799316406250000e+02
1.231899414062500000e+02
1.300600585937500000e+02
1.373200683593750000e+02
1.449799804687500000e+02
1.530700683593750000e+02
1.615998535156250000e+02
1.706301269531250000e+02
1.801398925781250000e+02
1.901999511718750000e+02
2.008100585937500000e+02
2.120100097656250000e+02
2.238400878906250000e+02
2.363300781250000000e+02
2.495097656250000000e+02
2.634399414062500000e+02
2.781303710937500000e+02
2.936499023437500000e+02
3.100297851562500000e+02
3.273403320312500000e+02
3.455898437500000000e+02
3.648798828125000000e+02
3.852402343750000000e+02
4.067197265625000000e+02
4.294199218750000000e+02
4.533798828125000000e+02
4.786806640625000000e+02
5.053798828125000000e+02
5.335693359375000000e+02
5.634003906250000000e+02
5.947001953125000000e+02
6.280000000000000000e+02
6.630000000000000000e+02
7.000000000000000000e+02
7.390000000000000000e+02
7.802998046875000000e+02
8.237998046875000000e+02
8.697998046875000000e+02
9.183007812500000000e+02
9.695000000000000000e+02
1.023699218750000000e+03
1.080701171875000000e+03
1.141099609375000000e+03
1.204699218750000000e+03
1.271900390625000000e+03
1.342800781250000000e+03
1.417898437500000000e+03
1.496900390625000000e+03
1.580400390625000000e+03
1.668599609375000000e+03
1.761701171875000000e+03
1.860000000000000000e+03
1.963699218750000000e+03
2.073398437500000000e+03
2.189000000000000000e+03
2.311101562500000000e+03
2.440101562500000000e+03
2.576199218750000000e+03
2.719898437500000000e+03
2.871800781250000000e+03
3.031898437500000000e+03
3.201101562500000000e+03
3.379699218750000000e+03
3.568199218750000000e+03
3.767304687500000000e+03
3.977500000000000000e+03
4.199500000000000000e+03
4.433796875000000000e+03
4.681101562500000000e+03
4.942296875000000000e+03
5.218000000000000000e+03
5.509101562500000000e+03
5.817000000000000000e+03
6.141000000000000000e+03
6.483000000000000000e+03
6.846000000000000000e+03
7.227000000000000000e+03
7.631000000000000000e+03
8.056000000000000000e+03
8.506000000000000000e+03
8.980000000000000000e+03
9.482000000000000000e+03
1.001000000000000000e+04
1.056900000000000000e+04
