-9.255284421358080635e+02
-9.255284421358080635e+02
-9.255405883908862279e+02
-9.255464820497295477e+02
-9.255816560527712227e+02
-9.255816560527712227e+02
-9.255818421065168877e+02
-9.255847013873151354e+02
-9.255859857353118514e+02
-9.255878225588062378e+02
-9.255887912138126694e+02
-9.255887912138126694e+02
-9.255905729843588006e+02
-9.255919617639292483e+02
-9.255975275792015964e+02
-9.255979816432040934e+02
-9.255979816432040934e+02
-9.256046611976195209e+02
-9.256046611976195209e+02
-9.256113622237132859e+02
-9.256113622237132859e+02
-9.256126564134812043e+02
-9.256136897547883109e+02
-9.256154285987875028e+02
-9.256154285987875028e+02
-9.256198745810818309e+02
-9.256239092642213109e+02
-9.256253866819997711e+02
-9.256280449937961521e+02
-9.256280449937961521e+02
-9.256318803552944701e+02
-9.256318803552944701e+02
-9.256353912019204699e+02
-9.256359462128307314e+02
-9.256359462128307314e+02
-9.256395762765739619e+02
-9.256459579753969820e+02
-9.256520897529903777e+02
-9.256544763683046995e+02
-9.256544763683046995e+02
-9.256556051398401905e+02
-9.256556819168296215e+02
-9.256561084163438409e+02
-9.256577556063841712e+02
-9.256580590459557243e+02
-9.256580590459557243e+02
-9.256718145907406097e+02
-9.256718145907406097e+02
-9.256733508347930410e+02
-9.256741380764171936e+02
-9.256750275360700471e+02
-9.256759567717152777e+02
-9.256759567717152777e+02
-9.256760587701237455e+02
-9.256810425369721997e+02
-9.256815061913180216e+02
-9.256815061913180216e+02
-9.256818666399576614e+02
-9.256818666399576614e+02
-9.256828281731576453e+02
-9.256828281731576453e+02
-9.256877141638238982e+02
-9.256877141638238982e+02
-9.256878120243414969e+02
-9.256878120243414969e+02
-9.256888321295634796e+02
-9.256958897597380655e+02
-9.257001865892001433e+02
-9.257045506143460898e+02
-9.257079265106181083e+02
-9.257093540542823575e+02
-9.257101260190615903e+02
-9.257101260190615903e+02
-9.257104171767916796e+02
-9.257114634175037509e+02
-9.257124620671621642e+02
-9.257127529005247197e+02
-9.257133476389105908e+02
-9.257167102676314698e+02
-9.257167102676314698e+02
-9.257198764647889675e+02
-9.257201686757002790e+02
-9.257201686757002790e+02
-9.257224936582945247e+02
-9.257235443805255954e+02
-9.257236401729951467e+02
-9.257236401729951467e+02
-9.257254128498186674e+02
-9.257254128498186674e+02
-9.257262400373040236e+02
-9.257297065945509758e+02
-9.257313207014424279e+02
-9.257402743825629159e+02
-9.257402743825629159e+02
-9.257405389639812938e+02
-9.257459881346574093e+02
-9.257492040843460472e+02
-9.257495288312453567e+02
-9.257502474338746197e+02
-9.257579089843328575e+02
-9.257581240998952126e+02
-9.257589582666003025e+02
-9.257589858915398509e+02
-9.257619119389283924e+02
-9.257619472895886474e+02
-9.257620643860932432e+02
-9.257632095853207375e+02
-9.257653092427090087e+02
-9.257653092427090087e+02
-9.257658486350838984e+02
-9.257705985329635041e+02
-9.257735605906312912e+02
-9.257735605906312912e+02
-9.257756207956771277e+02
-9.257757312233841276e+02
-9.257759051880641437e+02
-9.257759051880641437e+02
-9.257787058873271917e+02
-9.257787058873271917e+02
-9.257846732599321058e+02
-9.257847476545184691e+02
-9.257869216042568041e+02
-9.257916637244154572e+02
-9.257916637244154572e+02
-9.257918532075841540e+02
-9.257922337635028498e+02
-9.257945589121582088e+02
-9.257945589121582088e+02
-9.257984225717768823e+02
-9.258020879442012756e+02
-9.258036076197342936e+02
-9.258050660427228422e+02
-9.258058928504494816e+02
-9.258067323883448125e+02
-9.258072239738116878e+02
-9.258078000654588777e+02
-9.258087871205086685e+02
-9.258091485508667802e+02
-9.258128947679426801e+02
-9.258154796302039813e+02
-9.258215162836498848e+02
-9.258216586866471971e+02
-9.258216586866471971e+02
-9.258258199684614738e+02
-9.258291322087042090e+02
-9.258317079469209148e+02
-9.258317079469209148e+02
-9.258318409837173704e+02
-9.258372432175834774e+02
-9.258384840789470900e+02
-9.258415258918427071e+02
-9.258422493618052158e+02
-9.258422493618052158e+02
-9.258423337001081563e+02
-9.258487761594852827e+02
-9.258532433156235584e+02
-9.258536102818992504e+02
-9.258545478790828156e+02
-9.258643443301529032e+02
-9.258650427762432855e+02
-9.258665749527031039e+02
-9.258735314387923836e+02
-9.258751920098510482e+02
-9.258761749774267855e+02
-9.258766845346910941e+02
-9.258774073348902220e+02
-9.258783712551895633e+02
-9.258813309185095477e+02
-9.258818765172337635e+02
-9.258818765172337635e+02
-9.258835805865600150e+02
-9.258838549852262076e+02
-9.258876279896174992e+02
-9.258919155891326227e+02
-9.258951188116399180e+02
-9.258991093773328203e+02
-9.259096645303221749e+02
-9.259097478927033080e+02
-9.259176131286177451e+02
-9.259190032328942834e+02
-9.259194636950817312e+02
-9.259198706072240839e+02
-9.259198706072240839e+02
-9.259203877140686245e+02
-9.259212814316191498e+02
-9.259215059515822759e+02
-9.259245501762339927e+02
-9.259256778193308719e+02
-9.259256896114072788e+02
-9.259276121509401491e+02
-9.259305798605981863e+02
-9.259310663067353744e+02
-9.259341747745479552e+02
-9.259373817623487639e+02
-9.259419997261957178e+02
-9.259440102133467008e+02
-9.259449601377174304e+02
-9.259458585318575388e+02
-9.259458738602073709e+02
-9.259518021198713313e+02
-9.259541649354262063e+02
-9.259546380712612290e+02
-9.259558392804558480e+02
-9.259564812933167559e+02
-9.259568105247030871e+02
-9.259591160894829045e+02
-9.259595165455339156e+02
-9.259605992757969943e+02
-9.259612200422443493e+02
-9.259689135281621475e+02
-9.259694811762235531e+02
-9.259721142972223333e+02
-9.259721497986356553e+02
-9.259800558520316827e+02
-9.259815561455448005e+02
-9.259818174637662196e+02
-9.259826482289452088e+02
-9.259828151799202942e+02
-9.259829593459598982e+02
-9.259844565061146113e+02
-9.259848529296770039e+02
-9.259870409813761398e+02
-9.259888319203580522e+02
-9.259901499949628487e+02
-9.259908288618457846e+02
-9.259919104515980735e+02
-9.259919342455218612e+02
-9.259950183439299281e+02
-9.259976749484751508e+02
-9.260064558207221808e+02
-9.260072732509137268e+02
-9.260082935300067675e+02
-9.260086850869452064e+02
-9.260126499772375155e+02
-9.260144473514415040e+02
-9.260155136139844672e+02
-9.260157810641439937e+02
-9.260180482493408363e+02
-9.260192528041400237e+02
-9.260192949295053495e+02
-9.260196025362293994e+02
-9.260204312611743944e+02
-9.260222232874178871e+02
-9.260236124833531903e+02
-9.260270714009392350e+02
-9.260280870987633079e+02
-9.260350068357984128e+02
-9.260359888987671866e+02
-9.260361284244638682e+02
-9.260365702350991342e+02
-9.260383442480183476e+02
-9.260457478629242587e+02
-9.260459874204566404e+02
-9.260463973217080138e+02
-9.260465842844835151e+02
-9.260483892231945902e+02
-9.260526069800147297e+02
-9.260545420569901580e+02
-9.260551741901797413e+02
-9.260598121209196734e+02
-9.260600317945087454e+02
-9.260635530780273257e+02
-9.260635912400866800e+02
-9.260650331031583846e+02
-9.260656811486576316e+02
-9.260672351159332720e+02
-9.260677958837362667e+02
-9.260690423272834551e+02
-9.260706060908507880e+02
-9.260768378699619916e+02
-9.260775816837178809e+02
-9.260779967979287903e+02
-9.260815317089723067e+02
-9.260819191394011796e+02
-9.260853683325578913e+02
-9.260874720114684351e+02
-9.260884606818625571e+02
-9.260897954226516049e+02
-9.260898974501699286e+02
-9.260902349086408094e+02
-9.260907136017224275e+02
-9.260907543337209518e+02
-9.260908472311170954e+02
-9.260942543862065577e+02
-9.260993021965565504e+02
-9.261001180093996936e+02
-9.261013009330507657e+02
-9.261035745396557104e+02
-9.261048312135889091e+02
-9.261069215307245486e+02
-9.261069579008847086e+02
-9.261078680816581254e+02
-9.261082332814138454e+02
-9.261083911701981606e+02
-9.261106496815463061e+02
-9.261109582871038128e+02
-9.261114122538365336e+02
-9.261116562813227802e+02
-9.261117264499386010e+02
-9.261121694217741833e+02
-9.261125531548163963e+02
-9.261129720779450736e+02
-9.261133054998947500e+02
-9.261134332945586038e+02
-9.261134723180184665e+02
-9.261135298055669409e+02
-9.261148203313890690e+02
-9.261179626451774993e+02
-9.261190583172003699e+02
-9.261194874673701634e+02
-9.261249853711331070e+02
-9.261258425288219769e+02
-9.261271846953095519e+02
-9.261273637189566443e+02
-9.261291302685488063e+02
-9.261292962450814912e+02
-9.261305929408354132e+02
-9.261334755164186845e+02
-9.261365082216143492e+02
-9.261366750450641803e+02
-9.261382871733436559e+02
-9.261385631669118084e+02
-9.261415406064987792e+02
-9.261456402200144566e+02
-9.261470639796473279e+02
-9.261561146054547180e+02
-9.261569193578220620e+02
-9.261587350906486336e+02
-9.261601563513444262e+02
-9.261629306547691840e+02
-9.261633199991925949e+02
-9.261650533778824865e+02
-9.261657193993482906e+02
-9.261659863482467472e+02
-9.261660210934101087e+02
-9.261668975825722327e+02
-9.261669516456695419e+02
-9.261719913945867120e+02
-9.261740597918371805e+02
-9.261790214848930418e+02
-9.261801435855094269e+02
-9.261811585409539020e+02
-9.261820221038052523e+02
-9.261855997561033291e+02
-9.261864675581985011e+02
-9.261877106705044298e+02
-9.261893025562631010e+02
-9.261913393747199734e+02
-9.261928552843700118e+02
-9.261943861482137663e+02
-9.261950949265130930e+02
-9.261959561092212425e+02
-9.262068535564088734e+02
-9.262081008349696276e+02
-9.262088126973486624e+02
-9.262094920020249447e+02
-9.262113971766665372e+02
-9.262127985681977407e+02
-9.262146987441985857e+02
-9.262156399388831005e+02
-9.262180667857188610e+02
-9.262217495301686085e+02
-9.262243725698820072e+02
-9.262244647632578562e+02
-9.262253625695972232e+02
-9.262295985989392193e+02
-9.262309086982817234e+02
-9.262371027559671575e+02
-9.262371702298058835e+02
-9.262381689013571986e+02
-9.262405025248149286e+02
-9.262418722539562168e+02
-9.262428891954018582e+02
-9.262475598377102415e+02
-9.262500410441267604e+02
-9.262509395294873684e+02
-9.262524205413907339e+02
-9.262526132354871606e+02
-9.262549127667913353e+02
-9.262567931097740939e+02
-9.262640336697354542e+02
-9.262663783333782703e+02
-9.262703913506484241e+02
-9.262729257906811426e+02
-9.262739665674124581e+02
-9.262741229280488824e+02
-9.262748288143902755e+02
-9.262765040722269987e+02
-9.262766933179730131e+02
-9.262771478578943061e+02
-9.262794502237888992e+02
-9.262841432165489550e+02
-9.262842534581430982e+02
-9.262843046530101674e+02
-9.262863177048460557e+02
-9.262882614775290904e+02
-9.262934972506604936e+02
-9.262936761854371071e+02
-9.262973722143435680e+02
-9.262986539013868423e+02
-9.262992053427977908e+02
-9.262997166657369235e+02
-9.263005891026220979e+02
-9.263044335598899579e+02
-9.263044813271236535e+02
-9.263050801669842258e+02
-9.263051330741134279e+02
-9.263056782040557664e+02
-9.263066337846044007e+02
-9.263087034648344797e+02
-9.263127986755490610e+02
-9.263148946173766944e+02
-9.263156121199266408e+02
-9.263166400537737672e+02
-9.263175502695487467e+02
-9.263182174561134161e+02
-9.263185820201646266e+02
-9.263303826442199806e+02
-9.263342343335765463e+02
-9.263356882267732999e+02
-9.263377304211003320e+02
-9.263397040633224151e+02
-9.263398508021393809e+02
-9.263409359594445505e+02
-9.263417678026170279e+02
-9.263419099070392804e+02
-9.263427246734742084e+02
-9.263439337934294144e+02
-9.263459764859912866e+02
-9.263468946097457319e+02
-9.263489731611298339e+02
-9.263492110030484810e+02
-9.263507405260825180e+02
-9.263527618271290294e+02
-9.263561506730854944e+02
-9.263561506730854944e+02
-9.263574841831489266e+02
-9.263605148896228911e+02
-9.263624210697873878e+02
-9.263628991474498662e+02
-9.263633556124302686e+02
-9.263647040716962238e+02
-9.263682601231060971e+02
-9.263684230699325326e+02
-9.263691854255773706e+02
-9.263709461711448512e+02
-9.263727417083839555e+02
-9.263730380404854259e+02
-9.263741154359652228e+02
-9.263743095271054244e+02
-9.263790664777847041e+02
-9.263809865660540481e+02
-9.263810449979946497e+02
-9.263845899043277541e+02
-9.263871115269873826e+02
-9.263874971130461518e+02
-9.263890788050363199e+02
-9.263893126712924868e+02
-9.263920146898527719e+02
-9.263924640405033415e+02
-9.263929044072622219e+02
-9.263930852489959307e+02
-9.263947072606639495e+02
-9.263947072606639495e+02
-9.263955349688536671e+02
-9.263981083015597733e+02
-9.264011438142998713e+02
-9.264038080740781425e+02
-9.264048000375219090e+02
-9.264069122034080692e+02
-9.264102365652529443e+02
-9.264126493582257353e+02
-9.264129613177860847e+02
-9.264159645209109613e+02
-9.264189953502834669e+02
-9.264192709998761757e+02
-9.264192709998761757e+02
-9.264196591991760670e+02
-9.264200214715849597e+02
-9.264238245018682392e+02
-9.264259523422949769e+02
-9.264286646447637850e+02
-9.264288520397758475e+02
-9.264292149374641667e+02
-9.264295598716920495e+02
-9.264297417322827641e+02
-9.264342275815523635e+02
-9.264408926443431938e+02
-9.264418136105125541e+02
-9.264444843655074919e+02
-9.264453838192631565e+02
-9.264475182563364797e+02
-9.264545331470123983e+02
-9.264594782745443808e+02
-9.264632733853970876e+02
-9.264641173308809812e+02
-9.264674023218838101e+02
-9.264674023218838101e+02
-9.264727102735121207e+02
-9.264734452541257497e+02
-9.264747401423703650e+02
-9.264750022389982860e+02
-9.264785835887455505e+02
-9.264795507117951274e+02
-9.264801841286066519e+02
-9.264833833357712365e+02
-9.264838876834144230e+02
-9.264840756573739782e+02
-9.264911573149954620e+02
-9.264930201280419624e+02
-9.264936293917822923e+02
-9.264936293917822923e+02
-9.264941101915782156e+02
-9.264942411008056524e+02
-9.264945939350056960e+02
-9.264962482641890347e+02
-9.264965341203080698e+02
-9.264965341203080698e+02
-9.264994224031619297e+02
-9.265006826286646628e+02
-9.265040500009948801e+02
-9.265102167164560569e+02
-9.265120596838523852e+02
-9.265143670204132604e+02
-9.265151242244556897e+02
-9.265152497701478751e+02
-9.265190711355309077e+02
-9.265203704650211876e+02
-9.265206984439801090e+02
-9.265206984439801090e+02
-9.265252606395300745e+02
-9.265252606395300745e+02
-9.265260977814116359e+02
-9.265279639946585348e+02
-9.265298007708441901e+02
-9.265300671631445084e+02
-9.265307056076844674e+02
-9.265363024119369584e+02
-9.265383794082468967e+02
-9.265416556465214626e+02
-9.265416556465214626e+02
-9.265449310549184929e+02
-9.265449310549184929e+02
-9.265454438169623472e+02
-9.265454438169623472e+02
-9.265463961174920087e+02
-9.265475039065482861e+02
-9.265475039065482861e+02
-9.265475740637411945e+02
-9.265490949567957841e+02
-9.265560664903252928e+02
-9.265561182847682176e+02
-9.265573251915069477e+02
-9.265573251915069477e+02
-9.265584014090569553e+02
-9.265584014090569553e+02
-9.265606570398681470e+02
-9.265614117898624045e+02
-9.265651180768095401e+02
-9.265669217060943765e+02
-9.265767409975778719e+02
-9.265791115543245269e+02
-9.265814002675194843e+02
-9.265845178856710618e+02
-9.265871921239310041e+02
-9.265871921239310041e+02
-9.265883732762647469e+02
-9.265920335125044858e+02
-9.265929034026692079e+02
-9.265929034026692079e+02
-9.265959169245447811e+02
-9.265967841675976615e+02
-9.266062385241428956e+02
-9.266074790992547605e+02
-9.266105624166328880e+02
-9.266154123399045375e+02
-9.266159126519658003e+02
-9.266164277108383658e+02
-9.266228855968705602e+02
-9.266255751292890182e+02
-9.266272576310263958e+02
-9.266274469186564602e+02
-9.266305422781036896e+02
-9.266318905328552091e+02
-9.266320629578378885e+02
-9.266373975740210653e+02
-9.266373975740210653e+02
-9.266384275789224603e+02
-9.266384275789224603e+02
-9.266408629523956506e+02
-9.266461821995731043e+02
-9.266463414044552565e+02
-9.266463414044552565e+02
-9.266472561028524524e+02
-9.266472561028524524e+02
-9.266483670695411092e+02
-9.266505597769837550e+02
-9.266509289304701724e+02
-9.266520300209292600e+02
-9.266548687652435774e+02
-9.266552447953715728e+02
-9.266624262169035546e+02
-9.266633148134033036e+02
-9.266698792994825453e+02
-9.266701436355544956e+02
-9.266702933360440966e+02
-9.266726465287458723e+02
-9.266727436255901011e+02
-9.266823040958693127e+02
-9.266823040958693127e+02
-9.266823875685838630e+02
-9.266845006266989913e+02
-9.266857601052189466e+02
-9.266858243165166868e+02
-9.266861725457454213e+02
-9.266872256945928257e+02
-9.266913472364452673e+02
-9.266914492524739444e+02
-9.266926502792460951e+02
-9.266926502792460951e+02
-9.266941132470768707e+02
-9.266960670039101160e+02
-9.266960670039101160e+02
-9.266973259842352491e+02
-9.266973259842352491e+02
-9.266980274577106229e+02
-9.266999610797499827e+02
-9.267000283679184349e+02
-9.267033797704707467e+02
-9.267033797704707467e+02
-9.267043298933378992e+02
-9.267054794319693656e+02
-9.267058560379288110e+02
-9.267058560379288110e+02
-9.267069656519033742e+02
-9.267069656519033742e+02
-9.267131784670775687e+02
-9.267191566700628300e+02
-9.267200115894489727e+02
-9.267287538270030609e+02
-9.267354555416620769e+02
-9.267403703495795071e+02
-9.267434998389239809e+02
-9.267468759229692523e+02
-9.267468759229692523e+02
-9.267496843698916109e+02
-9.267496843698916109e+02
-9.267530837716412861e+02
-9.267530837716412861e+02
-9.267551896596301049e+02
-9.267598562028215383e+02
-9.267599127934830676e+02
-9.267606905152281342e+02
-9.267613136179545563e+02
-9.267618482661833923e+02
-9.267626514165954177e+02
-9.267627322327346064e+02
-9.267660541503547620e+02
-9.267717588365252368e+02
-9.267803586273894325e+02
-9.267810019154404699e+02
-9.267822554256488274e+02
-9.267822554256488274e+02
-9.267842608997830212e+02
-9.267880168968421231e+02
-9.267907488782830114e+02
-9.267907488782830114e+02
-9.267909591968887071e+02
-9.267933203162576774e+02
-9.267967008955610027e+02
-9.267975376878985116e+02
-9.268014618705981320e+02
-9.268047491055622231e+02
-9.268144740697460975e+02
-9.268156624663579350e+02
-9.268156624663579350e+02
-9.268164594156546627e+02
-9.268188185832067347e+02
-9.268193400873233259e+02
-9.268193400873233259e+02
-9.268230668782709927e+02
-9.268230668782709927e+02
-9.268268885783818405e+02
-9.268304820906722625e+02
-9.268314940279208258e+02
-9.268320668254303882e+02
-9.268333607366996603e+02
-9.268334870865674020e+02
-9.268408690825665417e+02
-9.268461080061093753e+02
-9.268555893391998097e+02
-9.268559459797654654e+02
-9.268559459797654654e+02
-9.268569924902074035e+02
-9.268597586566407927e+02
-9.268610370708307755e+02
-9.268610370708307755e+02
-9.268621772045154330e+02
-9.268621772045154330e+02
-9.268639704016994756e+02
-9.268645256659847291e+02
-9.268645256659847291e+02
-9.268653328318313243e+02
-9.268687895975460833e+02
-9.268735959972275396e+02
-9.268760539558627443e+02
-9.268781253249967449e+02
-9.268795939207608399e+02
-9.268795939207608399e+02
-9.268839403182420256e+02
-9.268893682987545617e+02
-9.268896532618738320e+02
-9.268952777601339221e+02
-9.268968291702159377e+02
-9.268968291702159377e+02
-9.268984610894765410e+02
-9.268997986329887908e+02
-9.269026324167109578e+02
-9.269044387611046432e+02
-9.269044387611046432e+02
-9.269063801912110421e+02
-9.269063801912110421e+02
-9.269077487058805218e+02
-9.269077487058805218e+02
-9.269093396878324711e+02
-9.269102597934836467e+02
-9.269134484337978392e+02
-9.269134484337978392e+02
-9.269246962231209181e+02
-9.269246962231209181e+02
-9.269275038341905883e+02
-9.269286021656351977e+02
-9.269286021656351977e+02
-9.269288737961635434e+02
-9.269288737961635434e+02
-9.269290413627320504e+02
-9.269290413627320504e+02
-9.269375163253814662e+02
-9.269412752269174689e+02
-9.269412752269174689e+02
-9.269433207330448568e+02
-9.269464659355755884e+02
-9.269464659355755884e+02
-9.269483307556648697e+02
-9.269483307556648697e+02
-9.269607294060961067e+02
-9.269607294060961067e+02
-9.269679663671183789e+02
-9.269872760234179623e+02
-9.269925360838110464e+02
-9.269945501073744936e+02
-9.269966544994625792e+02
-9.269966544994625792e+02
-9.269987540599228169e+02
-9.270011427552249188e+02
-9.270036500177250218e+02
-9.270077721734177203e+02
-9.270105777269498049e+02
-9.270219287936001820e+02
-9.270233730289302230e+02
-9.270241488485610262e+02
-9.270243742118834689e+02
-9.270246748252807265e+02
-9.270249167093164715e+02
-9.270299035081077363e+02
-9.270334809004775707e+02
-9.270346512835502608e+02
-9.270346512835502608e+02
-9.270414057616584387e+02
-9.270437604547223600e+02
-9.270459510023372331e+02
-9.270459510023372331e+02
-9.270469667654438126e+02
-9.270471303453473411e+02
-9.270518445635264015e+02
-9.270649755304187920e+02
-9.270678915168168714e+02
-9.270741812851867962e+02
-9.270755738211031485e+02
-9.270755738211031485e+02
-9.270824246462503879e+02
-9.270843426014973829e+02
-9.270876813180643694e+02
-9.270893770780930936e+02
-9.270893770780930936e+02
-9.270993012571309464e+02
-9.270995522208868351e+02
-9.271014315298693873e+02
-9.271020105744214561e+02
-9.271034616487118001e+02
-9.271075108042664397e+02
-9.271115885856322620e+02
-9.271122707166495047e+02
-9.271122707166495047e+02
-9.271132666797494721e+02
-9.271132666797494721e+02
-9.271134876945409360e+02
-9.271134876945409360e+02
-9.271159739905878041e+02
-9.271159739905878041e+02
-9.271178528893927933e+02
-9.271178528893927933e+02
-9.271212642899654384e+02
-9.271375092576388397e+02
-9.271414576590437946e+02
-9.271437679315420155e+02
-9.271437679315420155e+02
-9.271439023710180436e+02
-9.271453230955539766e+02
-9.271453230955539766e+02
-9.271480448105271535e+02
-9.271480448105271535e+02
-9.271533426187596660e+02
-9.271533426187596660e+02
-9.271576882664496679e+02
-9.271576882664496679e+02
-9.271579098972374595e+02
-9.271590595911923174e+02
-9.271599240829710880e+02
-9.271599240829710880e+02
-9.271623030362477493e+02
-9.271623030362477493e+02
-9.271628426041374951e+02
-9.271656167213602657e+02
-9.271792589936493414e+02
-9.271796116629516291e+02
-9.271872185384673912e+02
-9.271885085038268244e+02
-9.271927404497473617e+02
-9.271927404497473617e+02
-9.271958283089481938e+02
-9.271968069557599392e+02
-9.271968510016913569e+02
-9.271968510016913569e+02
-9.271977419092040691e+02
-9.272012924542781320e+02
-9.272012924542781320e+02
-9.272038586004229046e+02
-9.272083023563978941e+02
-9.272153968316218879e+02
-9.272153968316218879e+02
-9.272178628301826393e+02
-9.272184449234048316e+02
-9.272184676266933820e+02
-9.272215517097331485e+02
-9.272215517097331485e+02
-9.272262697090286565e+02
-9.272290349819613766e+02
-9.272290349819613766e+02
-9.272349794032768386e+02
-9.272349794032768386e+02
-9.272395728289584440e+02
-9.272516322643184594e+02
-9.272524958654508964e+02
-9.272593610510641611e+02
-9.272675339695416596e+02
-9.272722062364990734e+02
-9.272739080763932407e+02
-9.272886476056308993e+02
-9.272886476056308993e+02
-9.272898984091718830e+02
-9.272914245585506023e+02
-9.272914245585506023e+02
-9.272947899950137298e+02
-9.272947899950137298e+02
-9.273011831609071578e+02
-9.273050101998608170e+02
-9.273143572885180674e+02
-9.273143572885180674e+02
-9.273212145608058563e+02
-9.273262830387061513e+02
-9.273287053525266401e+02
-9.273296133071670511e+02
-9.273325136998582821e+02
-9.273325136998582821e+02
-9.273391656816313571e+02
-9.273401061839095973e+02
-9.273464506553916635e+02
-9.273464506553916635e+02
-9.273484623504615456e+02
-9.273571681353595295e+02
-9.273593577557762728e+02
-9.273685362935860894e+02
-9.273685362935860894e+02
-9.273757042187146453e+02
-9.273783214457039321e+02
-9.273791621450247931e+02
-9.273852191010089427e+02
-9.273888047324358013e+02
-9.273895928963474944e+02
-9.273927600289649718e+02
-9.273943107137441757e+02
-9.273944318823628237e+02
-9.273958480696321658e+02
-9.273958480696321658e+02
-9.274011793626839335e+02
-9.274013206260659672e+02
-9.274057456083496618e+02
-9.274057456083496618e+02
-9.274064204510661966e+02
-9.274095314514520396e+02
-9.274232450300210076e+02
-9.274254383070209542e+02
-9.274305051477440429e+02
-9.274305051477440429e+02
-9.274321455924903148e+02
-9.274412671194113500e+02
-9.274434858759777853e+02
-9.274488878900538111e+02
-9.274488878900538111e+02
-9.274550226989125576e+02
-9.274589175974099362e+02
-9.274803093699953251e+02
-9.274806140400055483e+02
-9.274806140400055483e+02
-9.274827535993176753e+02
-9.274827535993176753e+02
-9.274831131120234886e+02
-9.274887285861940427e+02
-9.274887285861940427e+02
-9.274953274439039888e+02
-9.274992236017833420e+02
-9.275031688432637793e+02
-9.275041813284394721e+02
-9.275092946477467422e+02
-9.275159101273866327e+02
-9.275242670745976739e+02
-9.275260114142038219e+02
-9.275260114142038219e+02
-9.275341471879655728e+02
-9.275396031421519183e+02
-9.275400520708312797e+02
-9.275484192957273990e+02
-9.275485623212936162e+02
-9.275631291786095289e+02
-9.275662082220908360e+02
-9.275683174703284521e+02
-9.275724550981474295e+02
-9.275724550981474295e+02
-9.275774917377832480e+02
-9.275790537422733451e+02
-9.275816900509584002e+02
-9.275816900509584002e+02
-9.275886734310067823e+02
-9.275940474095316404e+02
-9.275957011841683197e+02
-9.275957011841683197e+02
-9.276024520204022110e+02
-9.276103560288785275e+02
-9.276124554287688397e+02
-9.276127515505716019e+02
-9.276127515505716019e+02
-9.276140214834745166e+02
-9.276306919481080513e+02
-9.276398765007400016e+02
-9.276398765007400016e+02
-9.276482973382455839e+02
-9.276592489884031920e+02
-9.276592858868987150e+02
-9.276796973698621969e+02
-9.276814501965296813e+02
-9.276814501965296813e+02
-9.276826141542220512e+02
-9.276832567705657766e+02
-9.276892778858845077e+02
-9.276892778858845077e+02
-9.276966368792436697e+02
-9.276982037773132106e+02
-9.276992370450502676e+02
-9.277058609152691133e+02
-9.277208894608208993e+02
-9.277294458407816364e+02
-9.277377067327216764e+02
-9.277396162304198697e+02
-9.277437409859987838e+02
-9.277551595990247506e+02
-9.277577799300322567e+02
-9.277721380097179917e+02
-9.277744391581863965e+02
-9.277773374231778689e+02
-9.277904070722773895e+02
-9.277970968236380713e+02
-9.277974369069456770e+02
-9.278073476602764913e+02
-9.278128858979164306e+02
-9.278159446324998498e+02
-9.278218219963263209e+02
-9.278262232686514608e+02
-9.278301975482263515e+02
-9.278308033256005274e+02
-9.278383246853877608e+02
-9.278426194407837784e+02
-9.278442577410593231e+02
-9.278646376320068612e+02
-9.278648587196016706e+02
-9.278722648824930275e+02
-9.278740533552538636e+02
-9.278769585124621244e+02
-9.278769585124621244e+02
-9.278832484782350321e+02
-9.278884677682673328e+02
-9.278925625695137569e+02
-9.278933223702646274e+02
-9.278933223702646274e+02
-9.279186107462155633e+02
-9.279190448688254946e+02
-9.279218364942317976e+02
-9.279264769376137565e+02
-9.279294357649725953e+02
-9.279299747708023460e+02
-9.279313676949248020e+02
-9.279335775191689208e+02
-9.279381446069247659e+02
-9.279418459260743930e+02
-9.279466786722238112e+02
-9.279540082303544750e+02
-9.279656483078119891e+02
-9.279704457919640390e+02
-9.279744518567002842e+02
-9.279813360422833739e+02
-9.279815218276269206e+02
-9.279860289401865430e+02
-9.279870828216363634e+02
-9.279871823765070076e+02
-9.279888931250261521e+02
-9.279888931250261521e+02
-9.279941818424867961e+02
-9.279947028263688935e+02
-9.279984955353613714e+02
-9.280127198200499379e+02
-9.280173352352878737e+02
-9.280182802467890042e+02
-9.280221077980517066e+02
-9.280394558058580969e+02
-9.280442580575050897e+02
-9.280560378828297416e+02
-9.280613056215920551e+02
-9.280613730319543038e+02
-9.280715713419024269e+02
-9.280759287129751556e+02
-9.280759570180947549e+02
-9.280880116188333204e+02
-9.280897686876418220e+02
-9.281040237217030153e+02
-9.281153920430973585e+02
-9.281395530806262286e+02
-9.281487915773709574e+02
-9.281591987861755797e+02
-9.281672752126946762e+02
-9.281769848116001640e+02
-9.281788772188260737e+02
-9.281805433590882330e+02
-9.281847153774124308e+02
-9.281860791867084117e+02
-9.281895367498491396e+02
-9.281962547402767996e+02
-9.281965986484738096e+02
-9.282096553807469945e+02
-9.282104682594551832e+02
-9.282336147476074757e+02
-9.282538903641047909e+02
-9.282553302698895550e+02
-9.282651764449132088e+02
-9.282658888948216145e+02
-9.282679822401726142e+02
-9.282854103992298178e+02
-9.282977463959977058e+02
-9.282987164122588410e+02
-9.283094445706448141e+02
-9.283136453540406592e+02
-9.283219733722213505e+02
-9.283225736642666561e+02
-9.283243675716872758e+02
-9.283254442300341225e+02
-9.283261876492913416e+02
-9.283266244154417564e+02
-9.283332901649087034e+02
-9.283378392145164071e+02
-9.283438373363355822e+02
-9.283449447874359066e+02
-9.283706123415893217e+02
-9.283766904045842239e+02
-9.283802048780258929e+02
-9.283963332020240387e+02
-9.284027159234997271e+02
-9.284166214026438411e+02
-9.284177467783504198e+02
-9.284215225046475553e+02
-9.284223566272838752e+02
-9.284252150556792458e+02
-9.284295234344344863e+02
-9.284391263100371816e+02
-9.284399231417584133e+02
-9.284406284160396581e+02
-9.284418882161219244e+02
-9.284503435125552642e+02
-9.284513861776827071e+02
-9.284566856537890089e+02
-9.284574821618747364e+02
-9.284866206146484728e+02
-9.284984607480059822e+02
-9.284989811894038212e+02
-9.284991787119768105e+02
-9.284992532003101360e+02
-9.285081614692155654e+02
-9.285118375061416600e+02
-9.285118558874250994e+02
-9.285127821694995873e+02
-9.285157815873983509e+02
-9.285199139920773632e+02
-9.285255348332782432e+02
-9.285311240289664738e+02
-9.285313270166960820e+02
-9.285315014507023079e+02
-9.285489040960260354e+02
-9.285491982238531818e+02
-9.285724306925220617e+02
-9.285755684236526122e+02
-9.285817382629211352e+02
-9.286140191730464721e+02
-9.286304313705894629e+02
-9.286330243436750607e+02
-9.286430751681004949e+02
-9.286533512601513394e+02
-9.286599449767787746e+02
-9.286810608562861944e+02
-9.286872975629064513e+02
-9.287057639466063392e+02
-9.287061276084976953e+02
-9.287164480313894046e+02
-9.287169010752369331e+02
-9.287198559132232276e+02
-9.287220705380590289e+02
-9.287497301398041145e+02
-9.287613688012143029e+02
-9.287643474669848729e+02
-9.287932979397822919e+02
-9.288041634421056187e+02
-9.288153268601446371e+02
-9.288266857238540979e+02
-9.288385114784448433e+02
-9.288539974650566364e+02
-9.288807065120365678e+02
-9.288927447648673024e+02
-9.289153920851812245e+02
-9.289600111158846403e+02
-9.289664152444537422e+02
-9.290173007265517526e+02
-9.290204544784535301e+02
-9.290341484619121957e+02
-9.290368901524502689e+02
-9.290430557230404247e+02
-9.290740732010840475e+02
-9.290812897626238964e+02
-9.290925499239164083e+02
-9.291880989601014562e+02
-9.291944691907337983e+02
-9.292007360605405211e+02
-9.292369466906361595e+02
-9.292427375602728716e+02
-9.292447717421973721e+02
-9.292606461259231310e+02
-9.292706815112073855e+02
-9.292785455643174828e+02
-9.292832237187778901e+02
-9.293109620359548444e+02
-9.293184763687991108e+02
-9.293322867711008257e+02
-9.293535077549447578e+02
-9.293657012786454743e+02
-9.293811788307901907e+02
-9.293828359059626791e+02
-9.294388726732563555e+02
-9.294978815922941067e+02
-9.295078417249768563e+02
-9.295388256768305837e+02
-9.295834599514923866e+02
-9.295941521457486942e+02
-9.296008369366899160e+02
-9.296075088008198009e+02
-9.296093729697134904e+02
-9.296510203440286659e+02
-9.296574338866205380e+02
-9.296755660545580895e+02
-9.296969130350071282e+02
-9.297330755655195844e+02
-9.297506180004925227e+02
-9.298176913700406203e+02
-9.298234263329505893e+02
-9.298358489676404588e+02
-9.298651813131289146e+02
-9.298977047136131659e+02
-9.299403488597311025e+02
-9.299468983200229104e+02
-9.299626496803928148e+02
-9.299761451436115749e+02
-9.299977754130778749e+02
-9.300513257652316952e+02
-9.301020469773329751e+02
-9.301048550845271166e+02
-9.301204862377835525e+02
-9.301252285195481591e+02
-9.302505494439147924e+02
-9.302571114083852990e+02
-9.303041770183189101e+02
-9.303474678048805799e+02
-9.303683389771115344e+02
-9.303885047307654759e+02
-9.303937268127920106e+02
-9.304635697002629513e+02
-9.304683980047477689e+02
-9.305635746736235205e+02
-9.305722501260745503e+02
-9.305918376095636404e+02
-9.307434764254414858e+02
-9.308920399940529933e+02
-9.309056272070376963e+02
-9.310202532661157875e+02
-9.310363251425588942e+02
-9.310485775695971142e+02
-9.310507415545494041e+02
-9.310904051196077944e+02
-9.312270705297241875e+02
-9.314465233006833387e+02
-9.314569950022701050e+02
-9.314986146835756244e+02
-9.316656299983867484e+02
-9.317054761059700922e+02
-9.324090432488126226e+02
