-1.485690952693339728e+00 2.260932353983818643e+00 -7.125584817472994104e-01
-1.485690952693339728e+00 2.260932353983818643e+00 -7.125584817472994104e-01
-1.486002630118509416e+00 2.261111231514647990e+00 -7.123849586212074314e-01
-1.487059243916650786e+00 2.261921334962489372e+00 -7.132147801316390812e-01
-1.485922014262342827e+00 2.258217290950639722e+00 -7.120275422872763826e-01
-1.485922014262342827e+00 2.258217290950639722e+00 -7.120275422872763826e-01
-1.483974167893480800e+00 2.258166007216517279e+00 -7.109881971045188820e-01
-1.488211326434333737e+00 2.260699811868278175e+00 -7.134995479539103513e-01
-1.488258591135742659e+00 2.260680189452069389e+00 -7.135491692170665701e-01
-1.486373444841469826e+00 2.258918126468831833e+00 -7.119560993516511616e-01
-1.487546305752477593e+00 2.262858718482073428e+00 -7.135164887325853300e-01
-1.487546305752477593e+00 2.262858718482073428e+00 -7.135164887325853300e-01
-1.487406334211700543e+00 2.262447999432443346e+00 -7.132326084088500551e-01
-1.487902897895960530e+00 2.260838187083873407e+00 -7.139529072824171152e-01
-1.488610154574296685e+00 2.262767441359827547e+00 -7.143123806111510987e-01
-1.485058952177746416e+00 2.258191212342430365e+00 -7.111347653556538972e-01
-1.485058952177746416e+00 2.258191212342430365e+00 -7.111347653556538972e-01
-1.484668806302078536e+00 2.262352255973558712e+00 -7.123603628317223269e-01
-1.484668806302078536e+00 2.262352255973558712e+00 -7.123603628317223269e-01
-1.487823979881867542e+00 2.261591290284757694e+00 -7.131107646541554601e-01
-1.487823979881867542e+00 2.261591290284757694e+00 -7.131107646541554601e-01
-1.486105206244774157e+00 2.263350621917326499e+00 -7.134477880469844990e-01
-1.483262056010071328e+00 2.258749130351510370e+00 -7.111071995645792398e-01
-1.486047059219031574e+00 2.262736381436055932e+00 -7.125692697498786643e-01
-1.486047059219031574e+00 2.262736381436055932e+00 -7.125692697498786643e-01
-1.484754173762082408e+00 2.262579124357181559e+00 -7.125998584142303471e-01
-1.483950845752655345e+00 2.257213702668122490e+00 -7.108849799199923325e-01
-1.487316923501607713e+00 2.261242549109310218e+00 -7.140461210665325353e-01
-1.484311685693264771e+00 2.262055333656564748e+00 -7.117050217717553195e-01
-1.484311685693264771e+00 2.262055333656564748e+00 -7.117050217717553195e-01
-1.485071489154941471e+00 2.258249377662298496e+00 -7.121554803702450087e-01
-1.485071489154941471e+00 2.258249377662298496e+00 -7.121554803702450087e-01
-1.483390288635329624e+00 2.259513090669317936e+00 -7.115437124766561539e-01
-1.487482949323932324e+00 2.259317281236795871e+00 -7.124573038442205686e-01
-1.487482949323932324e+00 2.259317281236795871e+00 -7.124573038442205686e-01
-1.483319380307774660e+00 2.257389829594097730e+00 -7.102087192911321623e-01
-1.484283906805647923e+00 2.259174549389543873e+00 -7.106430953401536854e-01
-1.483702790052585208e+00 2.262107873155033921e+00 -7.116223854513661351e-01
-1.483400478221146734e+00 2.256798606355864045e+00 -7.102764059559909526e-01
-1.483400478221146734e+00 2.256798606355864045e+00 -7.102764059559909526e-01
-1.482809306718673170e+00 2.259577435707896154e+00 -7.111912525189465484e-01
-1.488472725294235133e+00 2.259176923816798244e+00 -7.133629327630179873e-01
-1.488482782743715926e+00 2.263907485556352128e+00 -7.149120772180754813e-01
-1.485560669126250399e+00 2.257376724577530691e+00 -7.120558015594493639e-01
-1.482502321761699715e+00 2.257396339490913562e+00 -7.100744906535512158e-01
-1.482502321761699715e+00 2.257396339490913562e+00 -7.100744906535512158e-01
-1.488438646820899436e+00 2.259030758621504820e+00 -7.136555130034292205e-01
-1.488438646820899436e+00 2.259030758621504820e+00 -7.136555130034292205e-01
-1.489117394363034919e+00 2.264197258568291904e+00 -7.146605409238189210e-01
-1.483550954004836164e+00 2.258495954348140433e+00 -7.115671897971074245e-01
-1.485337523764133305e+00 2.263931251149069013e+00 -7.129316123487505763e-01
-1.484550608762833734e+00 2.263197264923847207e+00 -7.126968328906562178e-01
-1.484550608762833734e+00 2.263197264923847207e+00 -7.126968328906562178e-01
-1.483212900209696095e+00 2.259832598484590616e+00 -7.103277354693879886e-01
-1.489502496621221361e+00 2.260672350488710070e+00 -7.145749789174660194e-01
-1.482143849251023937e+00 2.259871013504374027e+00 -7.102809892657750979e-01
-1.482143849251023937e+00 2.259871013504374027e+00 -7.102809892657750979e-01
-1.482470781604671162e+00 2.260828882912991222e+00 -7.109488432323756157e-01
-1.482470781604671162e+00 2.260828882912991222e+00 -7.109488432323756157e-01
-1.485780677570169850e+00 2.264143196997506990e+00 -7.129842660468845850e-01
-1.485780677570169850e+00 2.264143196997506990e+00 -7.129842660468845850e-01
-1.489298935145898950e+00 2.264211186850078938e+00 -7.153146374517032058e-01
-1.489298935145898950e+00 2.264211186850078938e+00 -7.153146374517032058e-01
-1.486316976495849040e+00 2.259516349859229667e+00 -7.133798291564223959e-01
-1.486316976495849040e+00 2.259516349859229667e+00 -7.133798291564223959e-01
-1.482421084023654467e+00 2.260841724580418877e+00 -7.109791095154305296e-01
-1.489402593849850964e+00 2.264349072853657940e+00 -7.153765286279964997e-01
-1.489193512974107625e+00 2.263080653754930172e+00 -7.140555645910175997e-01
-1.483661520415951784e+00 2.258769931417680343e+00 -7.118278386929350887e-01
-1.482399919189265169e+00 2.260943074441858602e+00 -7.105460333856647992e-01
-1.482264643774565016e+00 2.256748846324215130e+00 -7.101129386953166645e-01
-1.487327495631505681e+00 2.262042509371612997e+00 -7.125690274612006547e-01
-1.487327495631505681e+00 2.262042509371612997e+00 -7.125690274612006547e-01
-1.486178052521036630e+00 2.256506459971264089e+00 -7.117737552772878118e-01
-1.488180777657475584e+00 2.262323396205098813e+00 -7.131309286339533315e-01
-1.482047912086293717e+00 2.260345924963790498e+00 -7.108237376685604403e-01
-1.485873418002912727e+00 2.258112809401087606e+00 -7.110603115981746214e-01
-1.485386601236993620e+00 2.264210964944749715e+00 -7.133964950572107000e-01
-1.484403126587384936e+00 2.263674654012692411e+00 -7.122782620205718729e-01
-1.484403126587384936e+00 2.263674654012692411e+00 -7.122782620205718729e-01
-1.488939480510680591e+00 2.262081391731656232e+00 -7.151498768734052547e-01
-1.486635297807406886e+00 2.260334778050970606e+00 -7.117592461790209768e-01
-1.486635297807406886e+00 2.260334778050970606e+00 -7.117592461790209768e-01
-1.487595041739913304e+00 2.258694893814599869e+00 -7.121493433127241701e-01
-1.484139080344233808e+00 2.262115802463370073e+00 -7.112087026506221932e-01
-1.487183342173854061e+00 2.262922310463991504e+00 -7.146002641346989037e-01
-1.487183342173854061e+00 2.262922310463991504e+00 -7.146002641346989037e-01
-1.481780146477951421e+00 2.258129450109420677e+00 -7.094281497359684607e-01
-1.481780146477951421e+00 2.258129450109420677e+00 -7.094281497359684607e-01
-1.490511412506735578e+00 2.261867052949505297e+00 -7.149816247744524844e-01
-1.489046750673016284e+00 2.263623832737712505e+00 -7.140148725752837322e-01
-1.482578111246175112e+00 2.258530558351604434e+00 -7.111392354565975182e-01
-1.485172201663972125e+00 2.258506172485742258e+00 -7.126816351514824177e-01
-1.485172201663972125e+00 2.258506172485742258e+00 -7.126816351514824177e-01
-1.482159498405815512e+00 2.259625298437686336e+00 -7.097810361109564425e-01
-1.487783687530561227e+00 2.257217017972914075e+00 -7.126831606853940571e-01
-1.483016453499882426e+00 2.257036046307812960e+00 -7.095014695449721742e-01
-1.483244136037657590e+00 2.255486012565639520e+00 -7.098278724664632833e-01
-1.490167377027296070e+00 2.260747382041923714e+00 -7.142638390521582892e-01
-1.490629223065103925e+00 2.263540783113322519e+00 -7.158962523451322113e-01
-1.483934521550623220e+00 2.259879653182776948e+00 -7.124225714451579705e-01
-1.481780619452496506e+00 2.257393027212985626e+00 -7.103087430883787690e-01
-1.487320806254247785e+00 2.260598440018774635e+00 -7.143129998221811050e-01
-1.483498163213606835e+00 2.260518305241740133e+00 -7.122734780868427151e-01
-1.488486845536896475e+00 2.258139466481601687e+00 -7.136785492147668108e-01
-1.486215588723816428e+00 2.257970784853755575e+00 -7.130118718759534957e-01
-1.484332016698280743e+00 2.256335697974496846e+00 -7.100304032837936319e-01
-1.487224605085999851e+00 2.262891028699437701e+00 -7.147365744233233897e-01
-1.487224605085999851e+00 2.262891028699437701e+00 -7.147365744233233897e-01
-1.485954514649536762e+00 2.256481101838766268e+00 -7.109750706602060433e-01
-1.487053393472228979e+00 2.265101282867255872e+00 -7.146956577744481010e-01
-1.485860737570974699e+00 2.259252931083457483e+00 -7.110139738501244366e-01
-1.485860737570974699e+00 2.259252931083457483e+00 -7.110139738501244366e-01
-1.484471365827294109e+00 2.263069306671340097e+00 -7.115424596791157796e-01
-1.487746342788984322e+00 2.265343577274535836e+00 -7.150697210050287467e-01
-1.481920115848130992e+00 2.261307418091584420e+00 -7.103738173912672593e-01
-1.481920115848130992e+00 2.261307418091584420e+00 -7.103738173912672593e-01
-1.491011636109114136e+00 2.264319266341249026e+00 -7.158157276055927554e-01
-1.491011636109114136e+00 2.264319266341249026e+00 -7.158157276055927554e-01
-1.489605659426986417e+00 2.261538917087788203e+00 -7.136775800347203713e-01
-1.482574169608235515e+00 2.262322542096365741e+00 -7.108710750326974193e-01
-1.484631549578703247e+00 2.260830211605870499e+00 -7.107584997201152888e-01
-1.481732474590943260e+00 2.256939940554154589e+00 -7.102562944250125909e-01
-1.481732474590943260e+00 2.256939940554154589e+00 -7.102562944250125909e-01
-1.485034521051506795e+00 2.256211008011904440e+00 -7.103164271000865782e-01
-1.481055511146594839e+00 2.256623530871846306e+00 -7.095226205866023150e-01
-1.482198830619311236e+00 2.260499947751229755e+00 -7.114221514607246277e-01
-1.482198830619311236e+00 2.260499947751229755e+00 -7.114221514607246277e-01
-1.491149081361148099e+00 2.262995344785387886e+00 -7.152634408541320710e-01
-1.486810660715216947e+00 2.257516300014415833e+00 -7.131555012664954063e-01
-1.485932413470429703e+00 2.259066395154023077e+00 -7.133811091576820473e-01
-1.483364312882937242e+00 2.256439155673756414e+00 -7.094193788469507211e-01
-1.489126220926717981e+00 2.263106801622995157e+00 -7.136505959837258217e-01
-1.488284392764892772e+00 2.266360877819122877e+00 -7.149784438322264180e-01
-1.483151955512091114e+00 2.263203879108254934e+00 -7.121762105602389425e-01
-1.490168727154501216e+00 2.259838176285918543e+00 -7.139746945554543700e-01
-1.482234242650626754e+00 2.258470469618620413e+00 -7.111429257833732365e-01
-1.481428906559957515e+00 2.255522653609546513e+00 -7.093351609862352802e-01
-1.485246282206962753e+00 2.265251148219621591e+00 -7.134604992058877215e-01
-1.486186756291208777e+00 2.264640909616343567e+00 -7.127319435061005848e-01
-1.485669050859093732e+00 2.256809450240149229e+00 -7.124689566117377026e-01
-1.483293758904672188e+00 2.254699307169817590e+00 -7.096493604855886872e-01
-1.483293758904672188e+00 2.254699307169817590e+00 -7.096493604855886872e-01
-1.480819351167077080e+00 2.260229862763090569e+00 -7.100490139328421435e-01
-1.486840755637168776e+00 2.256805408080849062e+00 -7.112980252580669571e-01
-1.491353068149622763e+00 2.264463674007207494e+00 -7.164160374356240979e-01
-1.491353068149622763e+00 2.264463674007207494e+00 -7.164160374356240979e-01
-1.483054671926454571e+00 2.261432020376921592e+00 -7.122788479219188673e-01
-1.484686162826319933e+00 2.262029313628788341e+00 -7.134278179342397053e-01
-1.480407200340074114e+00 2.257600439452828400e+00 -7.086913164896015971e-01
-1.487869503258084425e+00 2.256341872838462326e+00 -7.125329348787596828e-01
-1.489388722551867161e+00 2.262435066658779803e+00 -7.157393330734587167e-01
-1.489388722551867161e+00 2.262435066658779803e+00 -7.157393330734587167e-01
-1.485683565194066968e+00 2.260643637542749662e+00 -7.137548774724669087e-01
-1.490070521923762659e+00 2.266417713441496229e+00 -7.156244657680161936e-01
-1.480009814107372534e+00 2.257414425308237327e+00 -7.087999864502716463e-01
-1.484057398385807192e+00 2.264489599940102238e+00 -7.129504699738378193e-01
-1.482051553752743889e+00 2.256089351775839802e+00 -7.087319924906489987e-01
-1.485977412008180787e+00 2.262526388566919344e+00 -7.142899717599151543e-01
-1.484684211779070395e+00 2.256311407566852001e+00 -7.098817659999507867e-01
-1.484899867565783182e+00 2.260307572625298356e+00 -7.133202967580087872e-01
-1.485960263883856491e+00 2.261788790796019022e+00 -7.141867413873761450e-01
-1.483859399175538663e+00 2.259668993314005281e+00 -7.126138400918495819e-01
-1.489086052726068310e+00 2.265025484722654969e+00 -7.160674678012792782e-01
-1.483106425785401417e+00 2.261410666799680058e+00 -7.124350981901921287e-01
-1.483369854498437945e+00 2.264355992844430343e+00 -7.118646076216785801e-01
-1.481526899732664937e+00 2.262076819316596765e+00 -7.103253319029727564e-01
-1.487931534272940670e+00 2.256693450183603122e+00 -7.132576374524202123e-01
-1.484244439332849552e+00 2.264814052910409270e+00 -7.131723172024555524e-01
-1.484244439332849552e+00 2.264814052910409270e+00 -7.131723172024555524e-01
-1.487069590695948795e+00 2.255680726028143290e+00 -7.123909814396887086e-01
-1.482487506237236241e+00 2.262292374926910821e+00 -7.120292314828446933e-01
-1.487162740757014046e+00 2.266726864953694687e+00 -7.142174970036307968e-01
-1.482247906121401115e+00 2.263412503379175433e+00 -7.112873325799329294e-01
-1.485465034088778502e+00 2.265743984861056326e+00 -7.139955696769924032e-01
-1.486126754560971985e+00 2.264877583596132116e+00 -7.125695219794847546e-01
-1.491833761573097217e+00 2.265845516724650732e+00 -7.164647270897441800e-01
-1.480472541714985102e+00 2.255590308540014632e+00 -7.081223316651961142e-01
-1.482994302020338662e+00 2.264405131708710162e+00 -7.117709766876965105e-01
-1.491972012772822653e+00 2.263104578825935409e+00 -7.154959865658181428e-01
-1.489710256516576958e+00 2.265361064155981374e+00 -7.164561478312583276e-01
-1.485733200725319669e+00 2.265095110466595951e+00 -7.144084304884694703e-01
-1.485733200725319669e+00 2.265095110466595951e+00 -7.144084304884694703e-01
-1.483812070957149176e+00 2.258799377416839782e+00 -7.096391960608006144e-01
-1.483736262000184825e+00 2.253851556624090424e+00 -7.101050836771118924e-01
-1.491984128115299013e+00 2.263806792329797535e+00 -7.168168925960243243e-01
-1.488433002058903831e+00 2.267078157181897868e+00 -7.147261293037514562e-01
-1.485407354411035108e+00 2.255875302234592095e+00 -7.101272932375488622e-01
-1.489313240091687973e+00 2.261444894165681951e+00 -7.156763694760082117e-01
-1.488100955818541404e+00 2.258308356114746118e+00 -7.118775111440021064e-01
-1.481923781586759858e+00 2.257434248381666286e+00 -7.086268018858543627e-01
-1.483580751782854534e+00 2.258951107424743476e+00 -7.123996271454009488e-01
-1.486095183724101876e+00 2.266602004878264687e+00 -7.143400548684510909e-01
-1.491905188877930666e+00 2.265217062798661196e+00 -7.170630986436510312e-01
-1.485824344579548040e+00 2.264934347837071815e+00 -7.123695619511227761e-01
-1.487605087865784048e+00 2.262405126862617522e+00 -7.122695277947528325e-01
-1.489118176970266383e+00 2.256594823070483535e+00 -7.133396010534145404e-01
-1.485177660682505341e+00 2.256135665460342388e+00 -7.122955700007498336e-01
-1.487209747859097320e+00 2.257925557041149389e+00 -7.112331756206424771e-01
-1.485219110347203664e+00 2.254117961124177505e+00 -7.110462044596106423e-01
-1.484163644861316023e+00 2.259330554234378674e+00 -7.128664826356700956e-01
-1.482917040304395639e+00 2.264664942393017633e+00 -7.118460947844909015e-01
-1.481818521847896086e+00 2.263329794203477796e+00 -7.107771703600382907e-01
-1.490027123957377464e+00 2.257511538376665072e+00 -7.136199774669949036e-01
-1.492468046469973331e+00 2.265590025901973448e+00 -7.170111215543695238e-01
-1.487175768800092168e+00 2.256726650036296355e+00 -7.133503414906083862e-01
-1.490564347695618297e+00 2.260540047515192441e+00 -7.137656814741024647e-01
-1.488736751907038691e+00 2.256662125878745595e+00 -7.136417332569617855e-01
-1.479744767342952905e+00 2.259301426022395809e+00 -7.086587749020969440e-01
-1.480043511095697317e+00 2.260270851652321333e+00 -7.090239978519603525e-01
-1.489641069502947168e+00 2.258533144074120980e+00 -7.148526230361511580e-01
-1.485610096086188658e+00 2.265004636721937192e+00 -7.122494336021087946e-01
-1.487750420318416200e+00 2.255587294467609638e+00 -7.128188319720027977e-01
-1.486978955140124015e+00 2.266347282582645839e+00 -7.134277205748036366e-01
-1.487806548715406407e+00 2.256541658151399954e+00 -7.115355191640970745e-01
-1.491638705099571194e+00 2.266206904369753694e+00 -7.159604222011868302e-01
-1.491573203050673424e+00 2.262668019550442722e+00 -7.167378507889852202e-01
-1.481775940983063755e+00 2.258556515267563736e+00 -7.112971559276406452e-01
-1.484295667501897231e+00 2.259255078117679449e+00 -7.098248237954090101e-01
-1.482255623650696963e+00 2.256580566266895183e+00 -7.110466054169704009e-01
-1.482418572785029642e+00 2.258302254350171179e+00 -7.088491820143145716e-01
-1.485040447273830555e+00 2.266587589653986878e+00 -7.134894064894012899e-01
-1.486680925945013998e+00 2.257336725284187384e+00 -7.107752724345495210e-01
-1.479555604710590000e+00 2.255724888819512497e+00 -7.087944587078780501e-01
-1.483511090211969474e+00 2.261497265121900746e+00 -7.129674834213393098e-01
-1.479821605100656523e+00 2.254888314574253982e+00 -7.076863926919161329e-01
-1.481242838985837862e+00 2.262954456486510502e+00 -7.104228436933439639e-01
-1.487505540821499217e+00 2.267624960808738876e+00 -7.145345299549727969e-01
-1.486454775260555472e+00 2.264874742564761956e+00 -7.150462229402210212e-01
-1.480719644881528740e+00 2.253443888658937855e+00 -7.082012222504960874e-01
-1.486955401988111714e+00 2.262042139310429523e+00 -7.149849420500231645e-01
-1.485398744497780532e+00 2.264197613295079847e+00 -7.144218453777622102e-01
-1.488452687742848335e+00 2.255474501884178640e+00 -7.124901234304052977e-01
-1.484898458484934736e+00 2.259056817146786855e+00 -7.132934158547037384e-01
-1.484975752968669571e+00 2.260053442686531966e+00 -7.102545710624514896e-01
-1.492479759756234259e+00 2.265621125889316634e+00 -7.174711547046532800e-01
-1.491280354128839747e+00 2.262646485482171954e+00 -7.167649492857730564e-01
-1.491106422856951719e+00 2.258323328195188662e+00 -7.147623653788857112e-01
-1.491292621860315748e+00 2.262472266986971015e+00 -7.167314707601226687e-01
-1.479693365999516175e+00 2.254057405853431284e+00 -7.080164552745147333e-01
-1.485838723647071591e+00 2.259868132053626244e+00 -7.106214354207889272e-01
-1.492268338321898202e+00 2.265300944851363685e+00 -7.159597045590997411e-01
-1.487386042980521239e+00 2.255113253147443153e+00 -7.126361161803398403e-01
-1.484057062287228002e+00 2.253129619872149103e+00 -7.100855373479282306e-01
-1.491149489738732736e+00 2.258319150884982029e+00 -7.148132860713873882e-01
-1.487163789295204541e+00 2.256622802718728504e+00 -7.134668303908400233e-01
-1.491406079497750836e+00 2.267939060097206472e+00 -7.169676231247041898e-01
-1.490964938939535411e+00 2.268153439719088116e+00 -7.167211050655648563e-01
-1.481672863673910268e+00 2.258126259370732747e+00 -7.084420864103391224e-01
-1.490181368576015908e+00 2.257469659667673323e+00 -7.133016274154106995e-01
-1.487387631573766189e+00 2.268046037556940231e+00 -7.150132425867781194e-01
-1.483264118917353880e+00 2.253954555049606068e+00 -7.105966149958558020e-01
-1.485053818395308811e+00 2.257031401910591484e+00 -7.097225085219029950e-01
-1.481290224415125811e+00 2.262723398510049666e+00 -7.114810749433733150e-01
-1.481251926352436410e+00 2.254748069320763104e+00 -7.098743698930372048e-01
-1.483149964185106473e+00 2.263002553789390081e+00 -7.129888059835716163e-01
-1.486071036539701629e+00 2.263498070403183515e+00 -7.148353250132561953e-01
-1.489140376546070899e+00 2.260428359958329914e+00 -7.155948035325714329e-01
-1.488639080415876448e+00 2.261181439741836385e+00 -7.123607463956824759e-01
-1.478920424671109179e+00 2.254659866983478977e+00 -7.074238942198967095e-01
-1.486288449955941005e+00 2.263279649281008776e+00 -7.149387921806171775e-01
-1.481637387095294134e+00 2.262793381728479325e+00 -7.099488709274996978e-01
-1.487787124906796210e+00 2.267051265626175205e+00 -7.158960268206637778e-01
-1.478433874982006735e+00 2.257115553334197333e+00 -7.077000895229748068e-01
-1.480388638923487488e+00 2.255485116425221648e+00 -7.075358532441109460e-01
-1.479303920405019346e+00 2.254408702584346891e+00 -7.082870476757747724e-01
-1.483960746549624066e+00 2.253013540287410965e+00 -7.102659543673963682e-01
-1.489056921936168232e+00 2.262139388309258425e+00 -7.160324696040021308e-01
-1.490411935584526226e+00 2.257026971551497230e+00 -7.142126172479139612e-01
-1.478983647541809221e+00 2.259512892244493809e+00 -7.083552498737617498e-01
-1.482125956274530587e+00 2.253306495808165888e+00 -7.081807724207171972e-01
-1.492870854603290720e+00 2.263868681882890144e+00 -7.158933494800274744e-01
-1.483232466987318254e+00 2.265684990617944372e+00 -7.119143721805940572e-01
-1.487666819097542836e+00 2.255775517706124944e+00 -7.112181326824309480e-01
-1.483745122535340411e+00 2.261401239112277306e+00 -7.099684516456443717e-01
-1.489214260802297130e+00 2.268668945967478034e+00 -7.156871457376370316e-01
-1.492316570424880640e+00 2.261279157918508087e+00 -7.149734863714751754e-01
-1.490555789174936141e+00 2.268637435529612389e+00 -7.168612693326599228e-01
-1.485343580295759747e+00 2.256733800267223256e+00 -7.097667985126596690e-01
-1.490942350658536864e+00 2.257629018404589960e+00 -7.147258565976493117e-01
-1.480818099464739301e+00 2.263419205888652641e+00 -7.107850253714458333e-01
-1.488584850969245643e+00 2.255515622980274859e+00 -7.133235198014977740e-01
-1.489760276239177728e+00 2.262426601284928118e+00 -7.164031328099049745e-01
-1.491662013903444439e+00 2.260960951171296252e+00 -7.165245949365628420e-01
-1.491712324272968626e+00 2.266505751305675442e+00 -7.157329537348067205e-01
-1.493308681378950897e+00 2.261559758956633637e+00 -7.163307440322750352e-01
-1.483709526318236049e+00 2.263760464473930423e+00 -7.107716619041513084e-01
-1.482736972877530590e+00 2.255381708437596000e+00 -7.083286046967787186e-01
-1.486810269560273179e+00 2.262482891716395716e+00 -7.151591599814732803e-01
-1.491721069014349865e+00 2.258335483547827316e+00 -7.147332163549275919e-01
-1.478589382043805189e+00 2.254338989924661973e+00 -7.072680066396772602e-01
-1.481937102176235976e+00 2.264862064066340164e+00 -7.116513558968007302e-01
-1.489325484803784017e+00 2.262572233124542365e+00 -7.163012759745113200e-01
-1.482142646983240164e+00 2.265022803760762038e+00 -7.114210890718863922e-01
-1.485808072837215832e+00 2.262024246843108433e+00 -7.145775682915989080e-01
-1.478378705611422372e+00 2.254638718152332189e+00 -7.074726155029864572e-01
-1.478020724027155230e+00 2.256602698668198403e+00 -7.078326963092687052e-01
-1.491945916928226090e+00 2.259467267407269997e+00 -7.159227789622368832e-01
-1.478233630296540202e+00 2.256445363013235283e+00 -7.081903565364422448e-01
-1.482566203942511596e+00 2.265533876845400751e+00 -7.119911423129590133e-01
-1.482827186328804947e+00 2.262182163419821368e+00 -7.128409805097968288e-01
-1.480640977817482717e+00 2.253140055276572795e+00 -7.075245738905797666e-01
-1.489843102303471944e+00 2.259803901624091171e+00 -7.157388848582622032e-01
-1.491731113966899613e+00 2.265467484878590287e+00 -7.176436075164787098e-01
-1.493899348239934977e+00 2.264329220483149552e+00 -7.173849507877827492e-01
-1.483848219064375140e+00 2.255026965398545524e+00 -7.115793978765649896e-01
-1.491680644482112239e+00 2.265713326580204079e+00 -7.153666034601782187e-01
-1.481222990589663890e+00 2.258826150955797196e+00 -7.082994022971558223e-01
-1.482896008109916064e+00 2.262729873970924732e+00 -7.129461600527733367e-01
-1.483741303663317357e+00 2.254055197468538108e+00 -7.087696333100454993e-01
-1.489638531434429591e+00 2.256877602337681754e+00 -7.125597288244946981e-01
-1.493988261421705932e+00 2.264485427680896557e+00 -7.173157164908658956e-01
-1.490829147644575636e+00 2.261660740213214726e+00 -7.166297710889928396e-01
-1.489317323265104909e+00 2.267933404526333074e+00 -7.149230808439508422e-01
-1.481561668762847450e+00 2.263035706425166715e+00 -7.098756259099152643e-01
-1.491552733323725732e+00 2.258655583413436752e+00 -7.141586277664213611e-01
-1.493829961043958487e+00 2.266060922584769877e+00 -7.177384105973363404e-01
-1.493810868812377901e+00 2.264502040875297162e+00 -7.177378805154583929e-01
-1.480861959366319258e+00 2.255704930528711127e+00 -7.075404948667136651e-01
-1.479945995933638514e+00 2.262169393435657927e+00 -7.104541788887601683e-01
-1.489748864284964114e+00 2.269146057034488351e+00 -7.163073686943253193e-01
-1.482761939935397955e+00 2.265891651063873802e+00 -7.121403968607031842e-01
-1.478352071116673327e+00 2.259501224411140541e+00 -7.083869887371792018e-01
-1.490738522912234298e+00 2.259793513591528136e+00 -7.133829944512974919e-01
-1.487428774733161152e+00 2.258338143407260912e+00 -7.110254386157119910e-01
-1.479730166176390416e+00 2.257974709548598913e+00 -7.075994868171626706e-01
-1.486331544708549668e+00 2.265126388983459638e+00 -7.121858946307755289e-01
-1.482046384216420654e+00 2.258117624158831660e+00 -7.083463222837425022e-01
-1.487383253073892408e+00 2.266947276432136782e+00 -7.134322455389323636e-01
-1.493561450404978785e+00 2.267177171595315066e+00 -7.174870263992154662e-01
-1.481811623781832843e+00 2.264600223192156481e+00 -7.107446894763560508e-01
-1.490839536063512938e+00 2.257390617066308280e+00 -7.134946467351648280e-01
-1.482364829479277279e+00 2.254266119034487481e+00 -7.079794190861754544e-01
-1.486168149793887672e+00 2.268370129221891851e+00 -7.143130690432597518e-01
-1.479755738245903673e+00 2.262276039604751432e+00 -7.103113941417706911e-01
-1.494225183173405025e+00 2.265263642621627938e+00 -7.177546245959307569e-01
-1.480155868810761888e+00 2.258972057990359161e+00 -7.106295045926955822e-01
-1.482864205719934603e+00 2.266130969720536736e+00 -7.120211966441605256e-01
-1.491007552217702870e+00 2.261874216034927887e+00 -7.138007003226727321e-01
-1.479406770918012093e+00 2.256221116035291185e+00 -7.094598467702057931e-01
-1.483779726974592705e+00 2.262024887235893011e+00 -7.100169743668534039e-01
-1.485417011152017075e+00 2.257486878146856224e+00 -7.133602373609733149e-01
-1.479444646455336132e+00 2.256139729677784977e+00 -7.094717226442872615e-01
-1.491591600055650169e+00 2.265293912089234141e+00 -7.177439879725477923e-01
-1.483140875530597924e+00 2.255459344862265958e+00 -7.115410357078202352e-01
-1.481994114545521324e+00 2.265475135959017727e+00 -7.118297844744159164e-01
-1.483578843590915630e+00 2.260198858953233358e+00 -7.131286200847481993e-01
-1.487237259326047001e+00 2.261705282968063280e+00 -7.153479996667879703e-01
-1.489393748778934601e+00 2.266690763119783014e+00 -7.170238212685262624e-01
-1.481538673009827001e+00 2.264606302676293481e+00 -7.118867973807265770e-01
-1.493623733977480494e+00 2.262686071338573690e+00 -7.160539465494153433e-01
-1.487526256035575090e+00 2.254630788395858065e+00 -7.109554338067853863e-01
-1.484331927913919325e+00 2.257050884848911032e+00 -7.127363429108539705e-01
-1.485518205493000954e+00 2.258310324725735008e+00 -7.137048298036461347e-01
-1.477516797970308104e+00 2.255193369647107371e+00 -7.068787885497833656e-01
-1.479925223019921132e+00 2.253896130909993634e+00 -7.090559989256162154e-01
-1.480919465700769155e+00 2.252717122502572167e+00 -7.073282282153439127e-01
-1.484303566223898585e+00 2.252112808255470000e+00 -7.093330433973692450e-01
-1.478131955663116948e+00 2.260063694124283096e+00 -7.084907546463794503e-01
-1.477715612463369022e+00 2.254242405106891223e+00 -7.068055785217080000e-01
-1.485641090273841947e+00 2.255812666056829396e+00 -7.129136619583240631e-01
-1.483849582931223487e+00 2.251884770051047369e+00 -7.091199533930101495e-01
-1.492468634515889958e+00 2.269055975228251310e+00 -7.179007779098540709e-01
-1.481513464128912272e+00 2.254159767318610896e+00 -7.102042439433384757e-01
-1.478080133491443515e+00 2.256599095938734756e+00 -7.085619305827650649e-01
-1.478155242468392361e+00 2.253239936126433474e+00 -7.067705711956939751e-01
-1.490781287210595885e+00 2.256952647317875815e+00 -7.132882596402421171e-01
-1.489857666241839684e+00 2.258772455930158518e+00 -7.156112589209717711e-01
-1.477721142944114607e+00 2.258946442747949312e+00 -7.077366475017665692e-01
-1.491894518544709225e+00 2.263023696287449482e+00 -7.145268525160757278e-01
-1.488651947079340898e+00 2.269670893579750270e+00 -7.158108689409994341e-01
-1.483945605794782185e+00 2.265908752164965012e+00 -7.115698112091699556e-01
-1.487775234053706042e+00 2.269305241746510493e+00 -7.150027327460266591e-01
-1.479479945378105343e+00 2.252282151292185564e+00 -7.068716695407033512e-01
-1.492437079096536223e+00 2.258694312154012618e+00 -7.159182762237552566e-01
-1.487804056043724676e+00 2.257780982718702756e+00 -7.145806581443174821e-01
-1.478385713518828748e+00 2.256411408987731182e+00 -7.067561816335921066e-01
-1.487121932404450231e+00 2.253123431438350810e+00 -7.109992889861018739e-01
-1.479007950831587204e+00 2.252683896810913300e+00 -7.078515638841658131e-01
-1.493630368585171952e+00 2.261707100141277849e+00 -7.173756807513047562e-01
-1.484517063732311293e+00 2.254290853587256560e+00 -7.088741225395951417e-01
-1.488107533430645502e+00 2.255074853269354307e+00 -7.135113761518159237e-01
-1.490166372205830259e+00 2.263853296878726162e+00 -7.171527873012397691e-01
-1.490918181906711659e+00 2.262434783169939401e+00 -7.171241396348078112e-01
-1.491772457366979054e+00 2.268557373079429507e+00 -7.162468131319776887e-01
-1.485233236758129571e+00 2.267987833272737230e+00 -7.131387426531805573e-01
-1.479700773993396279e+00 2.260422417812849361e+00 -7.106978538997212880e-01
-1.489364240650912219e+00 2.266575437696634943e+00 -7.139702717852349778e-01
-1.494261490981680485e+00 2.265430842453751481e+00 -7.184928536301917745e-01
-1.478144211990539469e+00 2.255048552659147276e+00 -7.083260923527188169e-01
-1.478340909070706699e+00 2.258397054210725674e+00 -7.072097034180675479e-01
-1.492354702672017863e+00 2.259268972786333762e+00 -7.144024611202244301e-01
-1.489862498417351855e+00 2.266245096395433478e+00 -7.173779812403031642e-01
-1.492699489433723548e+00 2.259181155193901613e+00 -7.147720883455690455e-01
-1.477505020310807549e+00 2.257949905875912933e+00 -7.083979107116693541e-01
-1.492511651786612603e+00 2.262571497338856208e+00 -7.148000732557173720e-01
-1.483803785102964845e+00 2.260826170973966320e+00 -7.095021888748958006e-01
-1.493740377754236182e+00 2.263359934976392651e+00 -7.180575133194340154e-01
-1.481000039046922456e+00 2.259914981028857017e+00 -7.082116562215237110e-01
-1.483421528210588924e+00 2.262478755266080555e+00 -7.098442783606992990e-01
-1.479862580878233302e+00 2.255246496058274985e+00 -7.068144613599018911e-01
-1.482583674658475292e+00 2.252222629949954147e+00 -7.078979854972340391e-01
-1.493266139007060733e+00 2.269177112982728506e+00 -7.183590195280968871e-01
-1.482600752616370254e+00 2.259957692097305682e+00 -7.126776255483058264e-01
-1.480836374117235232e+00 2.258671760489054936e+00 -7.113050468524404479e-01
-1.479297673247823131e+00 2.254659726677681331e+00 -7.091579367075873108e-01
-1.493349064856758890e+00 2.266806736931033850e+00 -7.165056757754122430e-01
-1.476852033024801170e+00 2.257198012506508977e+00 -7.071435533711287746e-01
-1.476788681194889374e+00 2.256741824360319004e+00 -7.071413693181263227e-01
-1.481272041720051558e+00 2.265194295271459435e+00 -7.118348184865865846e-01
-1.485217344142799600e+00 2.256666227481734399e+00 -7.131953450634069824e-01
-1.482804706776025716e+00 2.252003755980661381e+00 -7.080150364435997545e-01
-1.477680626065107861e+00 2.259913539041190855e+00 -7.078759034540809125e-01
-1.491773737804801492e+00 2.267398792662565832e+00 -7.156007424105021997e-01
-1.491960419691081396e+00 2.259452595584542145e+00 -7.139621933537201315e-01
-1.484491163979235306e+00 2.257657530118049483e+00 -7.131695373250277470e-01
-1.486443094545947696e+00 2.269362524718227636e+00 -7.146235829426306196e-01
-1.478610964383300974e+00 2.251703912755710579e+00 -7.068590021660829947e-01
-1.479810396053551802e+00 2.262920453510590679e+00 -7.091296499019765776e-01
-1.482004553711338435e+00 2.263466644586379584e+00 -7.097052541771819989e-01
-1.477534932186271410e+00 2.256535643764325805e+00 -7.064735133157062918e-01
-1.481008899183297700e+00 2.256350154986501266e+00 -7.073166685850127422e-01
-1.494186364078955886e+00 2.265672161801386864e+00 -7.187358625067528095e-01
-1.487208306024016213e+00 2.253013379049576770e+00 -7.107036954802552486e-01
-1.490602037157848780e+00 2.256904196356571024e+00 -7.151710015093533102e-01
-1.487381691260996952e+00 2.261096045609228167e+00 -7.112034413268739641e-01
-1.487237615359686238e+00 2.255933458591044438e+00 -7.138060604220521910e-01
-1.477780349171868179e+00 2.257033629640440520e+00 -7.087303940022966486e-01
-1.492169228275430193e+00 2.257514154560172681e+00 -7.155343334927701804e-01
-1.484958992051152560e+00 2.251433062198049395e+00 -7.097498403776842935e-01
-1.481054211728082493e+00 2.251117789803543712e+00 -7.073272405311268329e-01
-1.493414796417213086e+00 2.267482839020305008e+00 -7.167016449570313696e-01
-1.491778307517381830e+00 2.258118906190647035e+00 -7.137397652697430317e-01
-1.493528107572964281e+00 2.260303815754902246e+00 -7.153545830868131006e-01
-1.490350813670643593e+00 2.270540168730040609e+00 -7.171030796311157474e-01
-1.490350813670643593e+00 2.270540168730040609e+00 -7.171030796311157474e-01
-1.479060747722126035e+00 2.252794991923320111e+00 -7.083229874976630924e-01
-1.477044874708989042e+00 2.258991383973557365e+00 -7.074596241143424891e-01
-1.487103526635159767e+00 2.266489175174871473e+00 -7.127140144961607859e-01
-1.493370141646639393e+00 2.268030012528443162e+00 -7.188637044341978921e-01
-1.484572044227575605e+00 2.260626338812652403e+00 -7.140176860305764706e-01
-1.478220717063533751e+00 2.260979728585323478e+00 -7.080782158000893389e-01
-1.484235248820028108e+00 2.268393520079790893e+00 -7.134889079994835015e-01
-1.493073469148756161e+00 2.261804445835440713e+00 -7.149678562820742656e-01
-1.492936616097790381e+00 2.268922031652522264e+00 -7.169640262037146883e-01
-1.492674857257478838e+00 2.258071546815179964e+00 -7.146408170654687808e-01
-1.481442049717181630e+00 2.262621178904196118e+00 -7.123905943443258337e-01
-1.493226550351411497e+00 2.269769460828696239e+00 -7.178085234137885351e-01
-1.495487032114839465e+00 2.265597836492865280e+00 -7.184283108198723511e-01
-1.479861794635360273e+00 2.260508583116412673e+00 -7.110358747730760598e-01
-1.486037738865777058e+00 2.259994563359490449e+00 -7.146453093634352882e-01
-1.477802538381175701e+00 2.254457618007115194e+00 -7.060189956407523226e-01
-1.477038128587921495e+00 2.256430780283551041e+00 -7.063210983410233013e-01
-1.487568376203380893e+00 2.252649300647403763e+00 -7.118705834450240744e-01
-1.489968847525889650e+00 2.262947181338878178e+00 -7.170704196573485234e-01
-1.483588191041927518e+00 2.253059649298318590e+00 -7.110874928032018261e-01
-1.491021041308913997e+00 2.255391603255608945e+00 -7.137166690282779058e-01
-1.481303836194452828e+00 2.254916370972274375e+00 -7.071504700104256358e-01
-1.491556543478770536e+00 2.256677770729488053e+00 -7.136186815762695090e-01
-1.476555424794874671e+00 2.255644842812152717e+00 -7.061940946409706044e-01
-1.485096697592027004e+00 2.258820886042048670e+00 -7.139005859868490234e-01
-1.494102198540505633e+00 2.266964090965316814e+00 -7.169392356712434022e-01
-1.484636547488152658e+00 2.268728310919230218e+00 -7.140082605247703995e-01
-1.484636547488152658e+00 2.268728310919230218e+00 -7.140082605247703995e-01
-1.490426234402134176e+00 2.255556981194237309e+00 -7.127152383051216233e-01
-1.488715243407418676e+00 2.268140437533169962e+00 -7.170982040009494796e-01
-1.493710053150135053e+00 2.259192176319623435e+00 -7.156138796837083760e-01
-1.478706962110237111e+00 2.255535496485960856e+00 -7.063142511771332011e-01
-1.482447552462841767e+00 2.255555463424327112e+00 -7.115635294198794369e-01
-1.484755966305881580e+00 2.268730857956189784e+00 -7.142671377299336655e-01
-1.489763439441617932e+00 2.266826805385715904e+00 -7.140492820124721973e-01
-1.491282975278840794e+00 2.265231017848097661e+00 -7.143825381469417479e-01
-1.480403256245219845e+00 2.251185380105637179e+00 -7.067799788446729181e-01
-1.482740744091826990e+00 2.267525146792364499e+00 -7.124652352131741750e-01
-1.477429116503280682e+00 2.256565873022113866e+00 -7.085080078969481221e-01
-1.493896532236088426e+00 2.265051712270455209e+00 -7.161353005705937136e-01
-1.493896532236088426e+00 2.265051712270455209e+00 -7.161353005705937136e-01
-1.485235693877138052e+00 2.251144384925613195e+00 -7.099031127829489307e-01
-1.485204808371151319e+00 2.255756244424825141e+00 -7.090686472166138898e-01
-1.477981182405098126e+00 2.251755445361898200e+00 -7.070287256641414331e-01
-1.481576625122587476e+00 2.258552591348130356e+00 -7.119334967623389687e-01
-1.481304460049500005e+00 2.266061500503417481e+00 -7.119744121138218418e-01
-1.494490834142304436e+00 2.268290531439276503e+00 -7.177312115351890398e-01
-1.487307652212701115e+00 2.252137321384242163e+00 -7.112107957492597166e-01
-1.488536198742156369e+00 2.270720473049325783e+00 -7.160892161736152062e-01
-1.484255961530284607e+00 2.251735796046969718e+00 -7.086097786387712816e-01
-1.492625857358148789e+00 2.269847273151062605e+00 -7.187241564327750964e-01
-1.489964143316793166e+00 2.271001726506653107e+00 -7.170431403402206527e-01
-1.481089083724179023e+00 2.260383652819198286e+00 -7.120005011036942832e-01
-1.490733570177342759e+00 2.259048728777681703e+00 -7.127610060073577003e-01
-1.495599215555653227e+00 2.263165259600636414e+00 -7.180309881119724125e-01
-1.483143541833623846e+00 2.251600519714733295e+00 -7.079229836086913252e-01
-1.476996738091287842e+00 2.253856117233965062e+00 -7.073867412486691819e-01
-1.480111721844092898e+00 2.264373905778313212e+00 -7.113757070790480697e-01
-1.479915752806761908e+00 2.250740453331833368e+00 -7.065627283049176199e-01
-1.490733928212752080e+00 2.254692685185443413e+00 -7.133165332248267987e-01
-1.478084070200493150e+00 2.255544855468310850e+00 -7.060364999895298865e-01
-1.478084070200493150e+00 2.255544855468310850e+00 -7.060364999895298865e-01
-1.485890497019204393e+00 2.254384399113323667e+00 -7.093035125658317952e-01
-1.492960130590349710e+00 2.257400879189158438e+00 -7.148509635063087231e-01
-1.480681066306524407e+00 2.264751441639936136e+00 -7.119240962812254381e-01
-1.485555031624504529e+00 2.253203487176610675e+00 -7.121412337280785820e-01
-1.476263002742729036e+00 2.253456936234985442e+00 -7.064380708900790395e-01
-1.495585187061979182e+00 2.268141876241942967e+00 -7.187870750252516316e-01
-1.481212135069715163e+00 2.254476503403747056e+00 -7.069200014196423965e-01
-1.479128286600750464e+00 2.255815189224553929e+00 -7.063398768167630237e-01
-1.487338499390876034e+00 2.269486895284383188e+00 -7.141253533329985359e-01
-1.492652570667949874e+00 2.260347117758878976e+00 -7.142451777918523703e-01
-1.484289061026749401e+00 2.260648307302461024e+00 -7.140332352251670400e-01
-1.483896581974037288e+00 2.259750467836667553e+00 -7.090060535310787060e-01
-1.493481615032341558e+00 2.260924561594830351e+00 -7.149611654360841229e-01
-1.493481615032341558e+00 2.260924561594830351e+00 -7.149611654360841229e-01
-1.483920590705480880e+00 2.259120646635291330e+00 -7.088721991394155708e-01
-1.487582523734289897e+00 2.270755571831649444e+00 -7.156919998295956376e-01
-1.486411313872872064e+00 2.251374916697853834e+00 -7.103565536277143266e-01
-1.480827407158598952e+00 2.249910778479174756e+00 -7.075189004470452403e-01
-1.481551945514189450e+00 2.250524852599895986e+00 -7.088175057613650409e-01
-1.481551945514189450e+00 2.250524852599895986e+00 -7.088175057613650409e-01
-1.477703060722078021e+00 2.252007320141822255e+00 -7.056197697036630245e-01
-1.494444720885254263e+00 2.268425727135835679e+00 -7.175127863385792892e-01
-1.482440870027924351e+00 2.265759660090556515e+00 -7.105792579137180098e-01
-1.495816750559987751e+00 2.262887393377387202e+00 -7.181633055663887433e-01
-1.491812208229874592e+00 2.259270199410064350e+00 -7.167980349880380686e-01
-1.484137496452603733e+00 2.268179419296391774e+00 -7.123664649573937524e-01
-1.480467623966814195e+00 2.254686584655282822e+00 -7.065876269110420438e-01
-1.484591040711934706e+00 2.267248066856102806e+00 -7.148668304528795758e-01
-1.488587080199244905e+00 2.258441297716125895e+00 -7.111837758561634359e-01
-1.491964763326075083e+00 2.266107958214204743e+00 -7.149013995335709026e-01
-1.482015373997378926e+00 2.258388415542320615e+00 -7.122864283889320802e-01
-1.482015373997378926e+00 2.258388415542320615e+00 -7.122864283889320802e-01
-1.481309397176115095e+00 2.262747911384439092e+00 -7.125596779820115856e-01
-1.481309397176115095e+00 2.262747911384439092e+00 -7.125596779820115856e-01
-1.478363056656786911e+00 2.251622821491167326e+00 -7.076606485885159614e-01
-1.486989774565731892e+00 2.270601421110693519e+00 -7.149807101960989897e-01
-1.491868103796905043e+00 2.261379016591689606e+00 -7.137197114350470883e-01
-1.475757371148006092e+00 2.255948244808674286e+00 -7.069062679030340135e-01
-1.475544036646800894e+00 2.255565875625274330e+00 -7.063806239536676301e-01
-1.478145244920642698e+00 2.261827097728820846e+00 -7.079991753350842743e-01
-1.480234590494633906e+00 2.265790576413388102e+00 -7.110136224448915243e-01
-1.481996520421996255e+00 2.249998747113113762e+00 -7.086908525673782933e-01
-1.481996520421996255e+00 2.249998747113113762e+00 -7.086908525673782933e-01
-1.494593893186249467e+00 2.267127914461419813e+00 -7.195097654577349289e-01
-1.494593893186249467e+00 2.267127914461419813e+00 -7.195097654577349289e-01
-1.483274919424482530e+00 2.253491632152768265e+00 -7.114136709896774491e-01
-1.483274919424482530e+00 2.253491632152768265e+00 -7.114136709896774491e-01
-1.495085911072919327e+00 2.267859525578844515e+00 -7.196383913958985801e-01
-1.488670582992385416e+00 2.262754484799755161e+00 -7.120277168859221462e-01
-1.488670582992385416e+00 2.262754484799755161e+00 -7.120277168859221462e-01
-1.486202834138878881e+00 2.266829581592524789e+00 -7.159522684220132049e-01
-1.482549755258749880e+00 2.265470859212061594e+00 -7.135650907699995216e-01
-1.494558418122472032e+00 2.263309485282147371e+00 -7.187484791829534814e-01
-1.486922253726997933e+00 2.269164396987386034e+00 -7.136119476389133354e-01
-1.493173423571583669e+00 2.270306143025112355e+00 -7.173598006204766619e-01
-1.493173423571583669e+00 2.270306143025112355e+00 -7.173598006204766619e-01
-1.478062931619301690e+00 2.253560906986995072e+00 -7.055734846128007831e-01
-1.478062931619301690e+00 2.253560906986995072e+00 -7.055734846128007831e-01
-1.487113934139914884e+00 2.268745775828749256e+00 -7.134350903538644317e-01
-1.485517785508133626e+00 2.253924064898078949e+00 -7.089348258761880572e-01
-1.483297857725311308e+00 2.267967078446092355e+00 -7.138347249981311649e-01
-1.486029841408613938e+00 2.269227177815430263e+00 -7.133558770575918473e-01
-1.477423841717192765e+00 2.256893622285712553e+00 -7.059831235251845527e-01
-1.477945218838304875e+00 2.251843665441515263e+00 -7.076151295724422141e-01
-1.488103119616780656e+00 2.271048036369469614e+00 -7.153506780017728772e-01
-1.493464502569469943e+00 2.259207251194312871e+00 -7.171695651623108958e-01
-1.493730391905614407e+00 2.268749022996577214e+00 -7.168869950839678040e-01
-1.493730391905614407e+00 2.268749022996577214e+00 -7.168869950839678040e-01
-1.486713025304029268e+00 2.252611673833140316e+00 -7.097277039645506491e-01
-1.477206727437161637e+00 2.259664478945180299e+00 -7.091505691721886606e-01
-1.481374559202506713e+00 2.266867800703580293e+00 -7.110607199074845397e-01
-1.481374559202506713e+00 2.266867800703580293e+00 -7.110607199074845397e-01
-1.492090051157754171e+00 2.269465382762142713e+00 -7.189881310010077797e-01
-1.495369918988642466e+00 2.262925981226690642e+00 -7.187580374767721381e-01
-1.496583332754482187e+00 2.267394941525515240e+00 -7.193470504477792460e-01
-1.476831312186744682e+00 2.251945351266438244e+00 -7.068321277595863705e-01
-1.487886166319638770e+00 2.269877137307266590e+00 -7.142688589354708739e-01
-1.485062469631969195e+00 2.250398105287855000e+00 -7.103174909803682269e-01
-1.479407481325228257e+00 2.258004486973032243e+00 -7.106855326210759216e-01
-1.487487438411428498e+00 2.264391826975001631e+00 -7.165107681650138005e-01
-1.482285258535370964e+00 2.259681478426389667e+00 -7.081512775858680442e-01
-1.487444083187984045e+00 2.255764943227320796e+00 -7.100768632792462398e-01
-1.491855790676815730e+00 2.270547079832678339e+00 -7.188828262880813114e-01
-1.493841421147646731e+00 2.265683046046359728e+00 -7.158635916589890513e-01
-1.482451475230338378e+00 2.255834915171680777e+00 -7.119664851675979733e-01
-1.495515972713441943e+00 2.261499968396841087e+00 -7.166892338698076514e-01
-1.477752911996864427e+00 2.249978403394467641e+00 -7.058177184059513110e-01
-1.485250872665351718e+00 2.269743516117587845e+00 -7.134076434979004233e-01
-1.485250872665351718e+00 2.269743516117587845e+00 -7.134076434979004233e-01
-1.483089608749749821e+00 2.253037739856731392e+00 -7.112716947094126496e-01
-1.483089608749749821e+00 2.253037739856731392e+00 -7.112716947094126496e-01
-1.491172158733902187e+00 2.265947577703450566e+00 -7.184343860037802898e-01
-1.491868192967874540e+00 2.259369758714825149e+00 -7.170657228044330367e-01
-1.475086507410794390e+00 2.255051012412841338e+00 -7.062845796338583781e-01
-1.475086507410794390e+00 2.255051012412841338e+00 -7.062845796338583781e-01
-1.487823578697571536e+00 2.264706676788251993e+00 -7.167603294189568430e-01
-1.487823578697571536e+00 2.264706676788251993e+00 -7.167603294189568430e-01
-1.480021725484677919e+00 2.250394457045663987e+00 -7.061044861761862634e-01
-1.495634559822005549e+00 2.264861493517230429e+00 -7.194708588634508573e-01
-1.480716717510138336e+00 2.266768533663360952e+00 -7.117694230103888131e-01
-1.480753756861830084e+00 2.251517611346630421e+00 -7.093919645006385721e-01
-1.495815025431301626e+00 2.265040738933627562e+00 -7.172750216895220632e-01
-1.485176733767216151e+00 2.268332980890387596e+00 -7.154387391917929051e-01
-1.494194142164026351e+00 2.261676228006435974e+00 -7.183933163969999924e-01
-1.491673392336191561e+00 2.271081770387217702e+00 -7.188080874407329901e-01
-1.478394002402099838e+00 2.256413164749810907e+00 -7.059427663217032745e-01
-1.485985178818763686e+00 2.259945531572207233e+00 -7.149591931686352098e-01
-1.483099013134394406e+00 2.251162205228528279e+00 -7.074693222058474618e-01
-1.481995587716820273e+00 2.249151855543697121e+00 -7.082576755711835759e-01
-1.490006002005259456e+00 2.257015984573188749e+00 -7.156844810270817092e-01
-1.495546351835491894e+00 2.264792567476096696e+00 -7.195210659228772343e-01
-1.495546351835491894e+00 2.264792567476096696e+00 -7.195210659228772343e-01
-1.491742825395397265e+00 2.272036814532822913e+00 -7.173628470469388674e-01
-1.481283353587761198e+00 2.267628472382367200e+00 -7.118715912001487567e-01
-1.487130178561632654e+00 2.255142967897079131e+00 -7.139590746591917281e-01
-1.487266757749337254e+00 2.254826408929135440e+00 -7.098358552234493857e-01
-1.487627021391725091e+00 2.256270861334537692e+00 -7.145891549280287691e-01
-1.479971666372145833e+00 2.266098632089363907e+00 -7.113450308587099258e-01
-1.483922751408126572e+00 2.262878562135652860e+00 -7.096415907997917216e-01
-1.487274647391306770e+00 2.256429490865429432e+00 -7.145143847386332681e-01
-1.483457759727665248e+00 2.249250333375993005e+00 -7.087438629142210900e-01
-1.483457759727665248e+00 2.249250333375993005e+00 -7.087438629142210900e-01
-1.482312976947189664e+00 2.249385022138452594e+00 -7.088132063016159279e-01
-1.478332910016139090e+00 2.251379563608104650e+00 -7.079355730627501231e-01
-1.478332910016139090e+00 2.251379563608104650e+00 -7.079355730627501231e-01
-1.478401517391542352e+00 2.262761760714227410e+00 -7.105268511833475742e-01
-1.478401517391542352e+00 2.262761760714227410e+00 -7.105268511833475742e-01
-1.485823904686755625e+00 2.265359976674834019e+00 -7.112555456131417486e-01
-1.478731274600964207e+00 2.252942765059905206e+00 -7.054668415705585005e-01
-1.479540527648392167e+00 2.255167790682878870e+00 -7.060377827523005578e-01
-1.488573547759320492e+00 2.271004430673979169e+00 -7.150505045609394372e-01
-1.488573547759320492e+00 2.271004430673979169e+00 -7.150505045609394372e-01
-1.489223380334352864e+00 2.271673181247773066e+00 -7.158163851189076610e-01
-1.486428396631054305e+00 2.270910309717450115e+00 -7.144313607517691622e-01
-1.483009024716533064e+00 2.257716281633655342e+00 -7.079175477141754769e-01
-1.483009024716533064e+00 2.257716281633655342e+00 -7.079175477141754769e-01
-1.495465476083171152e+00 2.270071786431993477e+00 -7.200953046756586318e-01
-1.495465476083171152e+00 2.270071786431993477e+00 -7.200953046756586318e-01
-1.484190334950152845e+00 2.267514290304206703e+00 -7.115515335742381708e-01
-1.479403222551475716e+00 2.259468662277378748e+00 -7.111059306147664572e-01
-1.496160989599696123e+00 2.266535652459370276e+00 -7.200146511597260712e-01
-1.482263147902457723e+00 2.259061379725808560e+00 -7.078635044936980592e-01
-1.491256902411076002e+00 2.272432925702070339e+00 -7.173073250843433613e-01
-1.494981331235941457e+00 2.266510292523631787e+00 -7.198968199317974381e-01
-1.476338289367699286e+00 2.251108543292247521e+00 -7.063584060757470695e-01
-1.476692226019148846e+00 2.253037731651167164e+00 -7.075626788697517711e-01
-1.476692226019148846e+00 2.253037731651167164e+00 -7.075626788697517711e-01
-1.483246360797438435e+00 2.262855774011742760e+00 -7.141249316309927764e-01
-1.483246360797438435e+00 2.262855774011742760e+00 -7.141249316309927764e-01
-1.475734588359895127e+00 2.250996711383625115e+00 -7.056420690206062218e-01
-1.475734588359895127e+00 2.250996711383625115e+00 -7.056420690206062218e-01
-1.482029345265392095e+00 2.254319801925542599e+00 -7.113938297901238883e-01
-1.478722103558261836e+00 2.253058657906612527e+00 -7.053766899402145185e-01
-1.479597716737495405e+00 2.264934820372432434e+00 -7.115794000460935465e-01
-1.484488944209512162e+00 2.263406741177510284e+00 -7.099603738845461365e-01
-1.488422699017135864e+00 2.272183878993099260e+00 -7.159896029485830482e-01
-1.488069823936107650e+00 2.251145450835384754e+00 -7.110535316125314864e-01
-1.483716145307284684e+00 2.257465702620255144e+00 -7.132740737786749108e-01
-1.486452864203327895e+00 2.251635897078286597e+00 -7.093397124839624368e-01
-1.484810663665427244e+00 2.260771226859507266e+00 -7.093523814640541048e-01
-1.479359955545694660e+00 2.249194674617128520e+00 -7.074136281157166195e-01
-1.475404620511343357e+00 2.257625387442341314e+00 -7.076254085947475403e-01
-1.496882225389873033e+00 2.262628264035271730e+00 -7.180218618497731242e-01
-1.486959028516868564e+00 2.262762699272987010e+00 -7.161664013392581296e-01
-1.486959028516868564e+00 2.262762699272987010e+00 -7.161664013392581296e-01
-1.477126659108930706e+00 2.253182207676161841e+00 -7.080177802207279214e-01
-1.477456980058663216e+00 2.252671878296380825e+00 -7.080727592743176757e-01
-1.494913733463520078e+00 2.269613283584332564e+00 -7.176765067692327804e-01
-1.494913733463520078e+00 2.269613283584332564e+00 -7.176765067692327804e-01
-1.496870048484751692e+00 2.262247690249202581e+00 -7.180768147820266734e-01
-1.479518541598935588e+00 2.250417411187207950e+00 -7.083862386496093677e-01
-1.497066500821452095e+00 2.265892354592850211e+00 -7.200319780839166128e-01
-1.494972356731488539e+00 2.267985404650198600e+00 -7.170851980650887469e-01
-1.485372326513619834e+00 2.271111037631382779e+00 -7.148572105105648333e-01
-1.495807134552994633e+00 2.269051484498889160e+00 -7.204589959433418400e-01
-1.492673555731482526e+00 2.272849573212985419e+00 -7.182304542396300562e-01
-1.495041197263498045e+00 2.271876784081176215e+00 -7.199880689214239737e-01
-1.495041197263498045e+00 2.271876784081176215e+00 -7.199880689214239737e-01
-1.474242385400769351e+00 2.253325719415852912e+00 -7.050749433685812306e-01
-1.477766563204879091e+00 2.249541832327667912e+00 -7.067522970600323973e-01
-1.494121020994173321e+00 2.262972635467632276e+00 -7.190327594848975323e-01
-1.494121020994173321e+00 2.262972635467632276e+00 -7.190327594848975323e-01
-1.474355688978785661e+00 2.252789435701578302e+00 -7.051676575686434134e-01
-1.474355688978785661e+00 2.252789435701578302e+00 -7.051676575686434134e-01
-1.478242231408975371e+00 2.249718748722745243e+00 -7.051103311713440291e-01
-1.485248175912179835e+00 2.257643571045990782e+00 -7.088414867629442284e-01
-1.490421872470271580e+00 2.271503968334674273e+00 -7.158571007984120271e-01
-1.490355478696243852e+00 2.259293258186107156e+00 -7.168146707117104555e-01
-1.490015464182402605e+00 2.269902515646716079e+00 -7.148067120435852573e-01
-1.493151971806967016e+00 2.269401920430410780e+00 -7.198139561837866296e-01
-1.484743817485279616e+00 2.262328661818612474e+00 -7.150012760040143078e-01
-1.487112700141322463e+00 2.262373774607242094e+00 -7.107807998702382335e-01
-1.495586287631042399e+00 2.264963672690585295e+00 -7.199069507129802759e-01
-1.491105578217677863e+00 2.270109331052346135e+00 -7.154165673504433443e-01
-1.491105578217677863e+00 2.270109331052346135e+00 -7.154165673504433443e-01
-1.478120130600808491e+00 2.255566202435135725e+00 -7.054124045873217952e-01
-1.494925303149274853e+00 2.272351114961084662e+00 -7.192520775476580752e-01
-1.479755982524683766e+00 2.251893869780032809e+00 -7.093470198996119080e-01
-1.479755982524683766e+00 2.251893869780032809e+00 -7.093470198996119080e-01
-1.486271155269114352e+00 2.251790045456012024e+00 -7.123207676667551169e-01
-1.486271155269114352e+00 2.251790045456012024e+00 -7.123207676667551169e-01
-1.477363573507742833e+00 2.248918099353346634e+00 -7.060285584842285189e-01
-1.481578278770348867e+00 2.252380967717727334e+00 -7.105588455295350769e-01
-1.481578278770348867e+00 2.252380967717727334e+00 -7.105588455295350769e-01
-1.479897739777488841e+00 2.249690753518657882e+00 -7.083345205801991895e-01
-1.488848080703195631e+00 2.266021855236818539e+00 -7.126842435021023547e-01
-1.490978362752545916e+00 2.252875398007430974e+00 -7.135652829063081626e-01
-1.477288006758314953e+00 2.263318089278942402e+00 -7.080731448545787288e-01
-1.497456690898898435e+00 2.267458297925939448e+00 -7.189872586017100886e-01
-1.480123718716426229e+00 2.248746985746699956e+00 -7.078299188010195309e-01
-1.480123718716426229e+00 2.248746985746699956e+00 -7.078299188010195309e-01
-1.478737141293686275e+00 2.248203431399445229e+00 -7.057885796079608198e-01
-1.483495438833848379e+00 2.261448073085281063e+00 -7.088188105632529101e-01
-1.474760626109499873e+00 2.254764673712649437e+00 -7.067276847394516892e-01
-1.483644524872183901e+00 2.268895583112193304e+00 -7.118734185045845209e-01
-1.495729539575517020e+00 2.269369165619476103e+00 -7.206701871417289240e-01
-1.495729539575517020e+00 2.269369165619476103e+00 -7.206701871417289240e-01
-1.480931977316438219e+00 2.248286333047418317e+00 -7.078607784411667936e-01
-1.489620431288538605e+00 2.264749184962071560e+00 -7.126670654350970580e-01
-1.492220994848034277e+00 2.273276136820919113e+00 -7.189386069547616387e-01
-1.485539407131940770e+00 2.271655047708757813e+00 -7.149966145245381099e-01
-1.485539407131940770e+00 2.271655047708757813e+00 -7.149966145245381099e-01
-1.493085684985834272e+00 2.267874627575781510e+00 -7.197773690191811014e-01
-1.493085684985834272e+00 2.267874627575781510e+00 -7.197773690191811014e-01
-1.477097885730806137e+00 2.253084628480812590e+00 -7.081746401138468983e-01
-1.477097885730806137e+00 2.253084628480812590e+00 -7.081746401138468983e-01
-1.491010402852533279e+00 2.268289107072703814e+00 -7.145447954817676361e-01
-1.490263392239562279e+00 2.266467900273525071e+00 -7.184578655703557359e-01
-1.476091639453047444e+00 2.251310233709501230e+00 -7.042333271844301024e-01
-1.476091639453047444e+00 2.251310233709501230e+00 -7.042333271844301024e-01
-1.497296324130559686e+00 2.268701056896534674e+00 -7.190778629937151223e-01
-1.497296324130559686e+00 2.268701056896534674e+00 -7.190778629937151223e-01
-1.473726251397999842e+00 2.254415470684866030e+00 -7.046720289524532888e-01
-1.483998599654219097e+00 2.263461024168994751e+00 -7.148543805698315268e-01
-1.483998599654219097e+00 2.263461024168994751e+00 -7.148543805698315268e-01
-1.479289696277923616e+00 2.251810967206553826e+00 -7.091397649979471751e-01
-1.479289696277923616e+00 2.251810967206553826e+00 -7.091397649979471751e-01
-1.486959615341639118e+00 2.271745440525208437e+00 -7.145664253510490838e-01
-1.486959615341639118e+00 2.271745440525208437e+00 -7.145664253510490838e-01
-1.477599204272262101e+00 2.262072334735539147e+00 -7.071959688060163174e-01
-1.477375030270110301e+00 2.249554418049755089e+00 -7.068291250589782138e-01
-1.477375030270110301e+00 2.249554418049755089e+00 -7.068291250589782138e-01
-1.484154167861360563e+00 2.267545933960601889e+00 -7.152607429275583684e-01
-1.492329539820753892e+00 2.254668757320169359e+00 -7.153582942104419473e-01
-1.492329539820753892e+00 2.254668757320169359e+00 -7.153582942104419473e-01
-1.481939828913229285e+00 2.269299332839544991e+00 -7.129237497106064581e-01
-1.481939828913229285e+00 2.269299332839544991e+00 -7.129237497106064581e-01
-1.495848297811320116e+00 2.262304515716816233e+00 -7.193619861679394489e-01
-1.495848297811320116e+00 2.262304515716816233e+00 -7.193619861679394489e-01
-1.474583491973818994e+00 2.250556306191992206e+00 -7.041591429177724848e-01
-1.486875955927114745e+00 2.257954395016409155e+00 -7.095884995900805237e-01
-1.486893330126695112e+00 2.264255226460309078e+00 -7.166118175489355480e-01
-1.482296097375419119e+00 2.261533634551273764e+00 -7.136328338234871893e-01
-1.480620337816470400e+00 2.247747625282202844e+00 -7.063050173924940722e-01
-1.480620337816470400e+00 2.247747625282202844e+00 -7.063050173924940722e-01
-1.476285933015966112e+00 2.261434570451713810e+00 -7.067272419356918078e-01
-1.481584058402111381e+00 2.248418722148518345e+00 -7.086155125099207197e-01
-1.493307365945076848e+00 2.271756138629490884e+00 -7.171973383062963947e-01
-1.477334894185152070e+00 2.257185417622257884e+00 -7.096083403659454447e-01
-1.484145122866002531e+00 2.257059346956844514e+00 -7.080020022052044837e-01
-1.473938246525873019e+00 2.258343885220356118e+00 -7.063892124012269846e-01
-1.480298025861481737e+00 2.266738157219235550e+00 -7.097904212281811454e-01
-1.476871600778281612e+00 2.257774177165759788e+00 -7.053728370812395454e-01
-1.489901697553577931e+00 2.271373775262318873e+00 -7.186411459760950748e-01
-1.493263961253958438e+00 2.258770425215353761e+00 -7.137339155429192061e-01
-1.482505206140475540e+00 2.249297888372329801e+00 -7.067110868068224860e-01
-1.487236613201531554e+00 2.262092225354775277e+00 -7.164251656097082588e-01
-1.478826978248444668e+00 2.247579973273452936e+00 -7.054901448273840359e-01
-1.475474031540112030e+00 2.248809887350502024e+00 -7.046940804947610104e-01
-1.475474031540112030e+00 2.248809887350502024e+00 -7.046940804947610104e-01
-1.475676038842909765e+00 2.248736244400101558e+00 -7.043091234908080978e-01
-1.488559912226229853e+00 2.266224154630479326e+00 -7.177771426173693570e-01
-1.483068897152514998e+00 2.268800257494550277e+00 -7.114116382283937057e-01
-1.483068897152514998e+00 2.268800257494550277e+00 -7.114116382283937057e-01
-1.490079575098575138e+00 2.262088758454559478e+00 -7.121089249145819977e-01
-1.483485770120592795e+00 2.254957109629423861e+00 -7.073197879541694988e-01
-1.485411820313662812e+00 2.270404364618396453e+00 -7.160553088062266980e-01
-1.481563511727377103e+00 2.257074394904995174e+00 -7.123257884590712408e-01
-1.480909963083102410e+00 2.267443075417565179e+00 -7.101994561848252729e-01
-1.483622187085410271e+00 2.248770236733241390e+00 -7.074096490923409419e-01
-1.496804204583775721e+00 2.272012870138205187e+00 -7.210572440605069744e-01
-1.496804204583775721e+00 2.272012870138205187e+00 -7.210572440605069744e-01
-1.485343620585806823e+00 2.256340573054243848e+00 -7.084234692735273953e-01
-1.474726482228119195e+00 2.253736877505899017e+00 -7.039063017864091165e-01
-1.475601309647179615e+00 2.257718516048088819e+00 -7.084743621445488415e-01
-1.487087113280327166e+00 2.270407204525511702e+00 -7.172166857254280714e-01
-1.487087113280327166e+00 2.270407204525511702e+00 -7.172166857254280714e-01
-1.473207773809516397e+00 2.255278811146632645e+00 -7.056123015916302421e-01
-1.492898707366256517e+00 2.257551554661158644e+00 -7.132869992724106822e-01
-1.475491018728100290e+00 2.256742261631909052e+00 -7.046898642953873804e-01
-1.486295956191999501e+00 2.268280060101364626e+00 -7.168006480232165245e-01
-1.480758437928134441e+00 2.267125520684346363e+00 -7.099172686991819248e-01
-1.473555353608833940e+00 2.252977875688776610e+00 -7.055094334174780712e-01
-1.495109759916092962e+00 2.270574629534932054e+00 -7.176077490170227335e-01
-1.488332373627188954e+00 2.273735742662894133e+00 -7.166581074368831850e-01
-1.488332373627188954e+00 2.273735742662894133e+00 -7.166581074368831850e-01
-1.490629868296873717e+00 2.251620059104232130e+00 -7.123337879566955522e-01
-1.490629868296873717e+00 2.251620059104232130e+00 -7.123337879566955522e-01
-1.487420465230848698e+00 2.271272094217554827e+00 -7.173719564566658491e-01
-1.487420465230848698e+00 2.271272094217554827e+00 -7.173719564566658491e-01
-1.484499275816172803e+00 2.261479726557914738e+00 -7.149931963428031167e-01
-1.484499275816172803e+00 2.261479726557914738e+00 -7.149931963428031167e-01
-1.492949512001384260e+00 2.273109921468919215e+00 -7.175477729140089522e-01
-1.492949512001384260e+00 2.273109921468919215e+00 -7.175477729140089522e-01
-1.480534456684616362e+00 2.260329082652904109e+00 -7.071016500896831758e-01
-1.481736381230002841e+00 2.262592906957694883e+00 -7.136030673158977322e-01
-1.495985233730377839e+00 2.257512722155914808e+00 -7.169765655132902538e-01
-1.480662670463734454e+00 2.261963641627960708e+00 -7.076253745920899618e-01
-1.480662670463734454e+00 2.261963641627960708e+00 -7.076253745920899618e-01
-1.485534075514698849e+00 2.270630997859282907e+00 -7.162688791446756298e-01
-1.485635621879178192e+00 2.272628278871402063e+00 -7.148350401835221746e-01
-1.485635621879178192e+00 2.272628278871402063e+00 -7.148350401835221746e-01
-1.495794575603828225e+00 2.257435046726443684e+00 -7.172282207293667611e-01
-1.495794575603828225e+00 2.257435046726443684e+00 -7.172282207293667611e-01
-1.494130450464806970e+00 2.255451892032857231e+00 -7.162623504770264660e-01
-1.494130450464806970e+00 2.255451892032857231e+00 -7.162623504770264660e-01
-1.498556990768919572e+00 2.267561805781487916e+00 -7.212122441467094802e-01
-1.498556990768919572e+00 2.267561805781487916e+00 -7.212122441467094802e-01
-1.492259559968033056e+00 2.274606474539226930e+00 -7.185933499593017970e-01
-1.497224462266948608e+00 2.267740984999019105e+00 -7.212532080683473623e-01
-1.497931911137548866e+00 2.263772895851668299e+00 -7.202819620891576236e-01
-1.497931911137548866e+00 2.263772895851668299e+00 -7.202819620891576236e-01
-1.481024617341239580e+00 2.249478375206036773e+00 -7.093462041022648989e-01
-1.481024617341239580e+00 2.249478375206036773e+00 -7.093462041022648989e-01
-1.489735209680026484e+00 2.254059443401260854e+00 -7.108195677892688025e-01
-1.479759542729592425e+00 2.247356353213056046e+00 -7.072806331940384439e-01
-1.483071259608790271e+00 2.263674306683379989e+00 -7.090248320897067913e-01
-1.491871225457450434e+00 2.274236923807287702e+00 -7.193133522284433923e-01
-1.488597482256750260e+00 2.260190551646866552e+00 -7.167506871732962637e-01
-1.489255393060505472e+00 2.250932591017957840e+00 -7.130473978830345061e-01
-1.486458615538911676e+00 2.249596817832308915e+00 -7.115811032981271822e-01
-1.486458615538911676e+00 2.249596817832308915e+00 -7.115811032981271822e-01
-1.486482888988362117e+00 2.262275409819767713e+00 -7.100988384189550473e-01
-1.473269707833086528e+00 2.258352753551446490e+00 -7.054782470398492933e-01
-1.477952498059964537e+00 2.262171803789032154e+00 -7.110128141575868810e-01
-1.477952498059964537e+00 2.262171803789032154e+00 -7.110128141575868810e-01
-1.490817684813870780e+00 2.262946324372020257e+00 -7.183602704607867651e-01
-1.483823903112658105e+00 2.270148527611308253e+00 -7.151966986105922075e-01
-1.483823903112658105e+00 2.270148527611308253e+00 -7.151966986105922075e-01
-1.491301967684079965e+00 2.273325609300281158e+00 -7.194125435956166825e-01
-1.475380887690260989e+00 2.252369228124436518e+00 -7.036024151207733723e-01
-1.484185095757932560e+00 2.258007659202844408e+00 -7.079976048595533200e-01
-1.484185095757932560e+00 2.258007659202844408e+00 -7.079976048595533200e-01
-1.498497559151128922e+00 2.265111997645581354e+00 -7.186968892345113602e-01
-1.496847704563651460e+00 2.273025331654492387e+00 -7.212986986946008372e-01
-1.491743389380762341e+00 2.274114420673891246e+00 -7.174176984864448769e-01
-1.486207408044927680e+00 2.252989648818242596e+00 -7.133775381054316966e-01
-1.486207408044927680e+00 2.252989648818242596e+00 -7.133775381054316966e-01
-1.499330410277668335e+00 2.265687685059800671e+00 -7.202104320721751662e-01
-1.490351808985703075e+00 2.269896199264640479e+00 -7.144294172703462564e-01
-1.490351808985703075e+00 2.269896199264640479e+00 -7.144294172703462564e-01
-1.485964994019972174e+00 2.248010742953517216e+00 -7.097495876866899422e-01
-1.485964994019972174e+00 2.248010742953517216e+00 -7.097495876866899422e-01
-1.475440991911854294e+00 2.261716442073427480e+00 -7.088145109158068280e-01
-1.475610781562989082e+00 2.249860014160734334e+00 -7.034185159776589202e-01
-1.478832563948092371e+00 2.267336221423037479e+00 -7.098170426597381066e-01
-1.478102104185519572e+00 2.246981733174585383e+00 -7.062547467802247070e-01
-1.490241754473056623e+00 2.255385138172127935e+00 -7.110581410772605082e-01
-1.492826515891587658e+00 2.255944066359576894e+00 -7.129745573416439441e-01
-1.494709948698355939e+00 2.264828727912919337e+00 -7.202516471316746660e-01
-1.475392933932538897e+00 2.247701460634303317e+00 -7.049045767525523587e-01
-1.475392933932538897e+00 2.247701460634303317e+00 -7.049045767525523587e-01
-1.479849318952373594e+00 2.266796994446476976e+00 -7.126199034543176936e-01
-1.495796289055302708e+00 2.257028918579826016e+00 -7.174427428705740795e-01
-1.495796289055302708e+00 2.257028918579826016e+00 -7.174427428705740795e-01
-1.475671920185526620e+00 2.256189241162465997e+00 -7.042937934403781242e-01
-1.475671920185526620e+00 2.256189241162465997e+00 -7.042937934403781242e-01
-1.499469969271819636e+00 2.266156612697507011e+00 -7.199135286038993442e-01
-1.498471818710079617e+00 2.266347254560431068e+00 -7.213436468257041767e-01
-1.487032497434778611e+00 2.273779696585855881e+00 -7.154789833267418686e-01
-1.487032497434778611e+00 2.273779696585855881e+00 -7.154789833267418686e-01
-1.472074000964434415e+00 2.254433791390712649e+00 -7.039038664963079839e-01
-1.477818190298842982e+00 2.266870750864088180e+00 -7.096204841793181117e-01
-1.475225147551723293e+00 2.260011012554842935e+00 -7.054109175884173411e-01
-1.492747544978055618e+00 2.257574943754521168e+00 -7.175509501386176936e-01
-1.475226874855182890e+00 2.250513046989466304e+00 -7.031916532551552024e-01
-1.475226874855182890e+00 2.250513046989466304e+00 -7.031916532551552024e-01
-1.471978417605586786e+00 2.254265579890228022e+00 -7.044185083730178931e-01
-1.477280905079450868e+00 2.265513557386247268e+00 -7.083613198514004949e-01
-1.494534039899441780e+00 2.259101642195767479e+00 -7.185802900176492258e-01
-1.494534039899441780e+00 2.259101642195767479e+00 -7.185802900176492258e-01
-1.485675902062649989e+00 2.249231493313537111e+00 -7.114126236614755072e-01
-1.474499471751169910e+00 2.261450485147566969e+00 -7.080211164510625821e-01
-1.476586535828321889e+00 2.263891241606211580e+00 -7.072981174177801478e-01
-1.486157025775353802e+00 2.247718223835684093e+00 -7.100729687652007627e-01
-1.486157025775353802e+00 2.247718223835684093e+00 -7.100729687652007627e-01
-1.499541082620253096e+00 2.265809879548992711e+00 -7.211626463364240180e-01
-1.490077197350115901e+00 2.261293915929648346e+00 -7.116206600704506613e-01
-1.475784660643868706e+00 2.248156509781820134e+00 -7.058506857748012564e-01
-1.475365375652000655e+00 2.255912209143006830e+00 -7.083820081914327105e-01
-1.485961111097060972e+00 2.273743868481109764e+00 -7.155040493241227040e-01
-1.497808821588632711e+00 2.259893908833467968e+00 -7.190194923635093716e-01
-1.482996097044817496e+00 2.255774526120063239e+00 -7.068602167531015112e-01
-1.494018509287293517e+00 2.271640431466955157e+00 -7.169318965998190407e-01
-1.479571185110240439e+00 2.258534845770500787e+00 -7.059850823366558004e-01
-1.473144307312610923e+00 2.249391299353638018e+00 -7.042565829691529444e-01
-1.473144307312610923e+00 2.249391299353638018e+00 -7.042565829691529444e-01
-1.479848230902444994e+00 2.246062945620407980e+00 -7.067330600273979968e-01
-1.488863005106010773e+00 2.272568656295959943e+00 -7.185421741952850994e-01
-1.499035359409989887e+00 2.267719963871109190e+00 -7.218402214028758479e-01
-1.499035359409989887e+00 2.267719963871109190e+00 -7.218402214028758479e-01
-1.484655195246773252e+00 2.258399282528157137e+00 -7.081299616207461511e-01
-1.488507224487917391e+00 2.259751450071701306e+00 -7.104011904524831778e-01
-1.482212620390763291e+00 2.263286535002016819e+00 -7.142796264175270693e-01
-1.492566475439794704e+00 2.264375251541161038e+00 -7.137248900037498345e-01
-1.476828753655979654e+00 2.255714925822901229e+00 -7.094400498072790384e-01
-1.476828753655979654e+00 2.255714925822901229e+00 -7.094400498072790384e-01
-1.478804435312347287e+00 2.267753778664360453e+00 -7.096498303748601799e-01
-1.498583148810875620e+00 2.264329993395507223e+00 -7.181790806063066412e-01
-1.478565167146038917e+00 2.262994022943750849e+00 -7.118495592501661307e-01
-1.481035653734955826e+00 2.246123294112622126e+00 -7.075064233842160988e-01
-1.481035653734955826e+00 2.246123294112622126e+00 -7.075064233842160988e-01
-1.479222342422341185e+00 2.246654478530273114e+00 -7.071745840753038692e-01
-1.480685402937062634e+00 2.256518192756980845e+00 -7.120683787203390125e-01
-1.475960411136289618e+00 2.260594795150809411e+00 -7.055036429672911780e-01
-1.486434965262019681e+00 2.259895609538061567e+00 -7.159555022850048189e-01
-1.486434965262019681e+00 2.259895609538061567e+00 -7.159555022850048189e-01
-1.471915289065881538e+00 2.257189840252887603e+00 -7.050339160664709226e-01
-1.471915289065881538e+00 2.257189840252887603e+00 -7.050339160664709226e-01
-1.498743013928984125e+00 2.261603230365878403e+00 -7.199694158236731312e-01
-1.488559795879701664e+00 2.248789598477646479e+00 -7.104822463575093394e-01
-1.488559795879701664e+00 2.248789598477646479e+00 -7.104822463575093394e-01
-1.495549934290592908e+00 2.273987056393171446e+00 -7.188865481293973403e-01
-1.496704783004562778e+00 2.268981379980703927e+00 -7.175814853443069907e-01
-1.488273654770604804e+00 2.249558343332830113e+00 -7.125557429227038497e-01
-1.498360606256579075e+00 2.267618134903114591e+00 -7.219779585926877630e-01
-1.476205219631514964e+00 2.246272047444328734e+00 -7.036268647979788682e-01
-1.499747232678568576e+00 2.262946952266317702e+00 -7.199674061908156730e-01
-1.473183937748178352e+00 2.259479860557294995e+00 -7.070447770417214173e-01
-1.479522072789062559e+00 2.265934972798139935e+00 -7.084209178705389576e-01
-1.479522072789062559e+00 2.265934972798139935e+00 -7.084209178705389576e-01
-1.489391998565708475e+00 2.269547917893412148e+00 -7.134860245448297889e-01
-1.495198197974982657e+00 2.267294906135299826e+00 -7.211958802340330266e-01
-1.495117357005896208e+00 2.269509102517472066e+00 -7.214869205574530042e-01
-1.482874108972565885e+00 2.271763873516985388e+00 -7.145902620441422215e-01
-1.481219245306551802e+00 2.263317692943350945e+00 -7.078532991235926275e-01
-1.472138961105533106e+00 2.253841522611913284e+00 -7.028488682367841633e-01
-1.499553934058322158e+00 2.272317063569333939e+00 -7.213142537388863573e-01
-1.488513704490833867e+00 2.274082841839525138e+00 -7.183253194587893020e-01
-1.495350944143514660e+00 2.265959428138537568e+00 -7.157350492878142845e-01
-1.495350944143514660e+00 2.265959428138537568e+00 -7.157350492878142845e-01
-1.492254492707209446e+00 2.254438624030423277e+00 -7.121339749782622519e-01
-1.488785372636397319e+00 2.252922338194711216e+00 -7.096544551032364367e-01
-1.492188434473860958e+00 2.275164321589995708e+00 -7.201872600564920290e-01
-1.492188434473860958e+00 2.275164321589995708e+00 -7.201872600564920290e-01
-1.481458475002975561e+00 2.257984506931304480e+00 -7.064234567746296989e-01
-1.473684043792369947e+00 2.259950291082646778e+00 -7.048911930861860853e-01
-1.490381412380660464e+00 2.249814847584993505e+00 -7.114928222481324838e-01
-1.490381412380660464e+00 2.249814847584993505e+00 -7.114928222481324838e-01
-1.480326202931966151e+00 2.245398180395003607e+00 -7.055114362276793116e-01
-1.476310436604653109e+00 2.265064845168007324e+00 -7.075341883790065012e-01
-1.480186644000437646e+00 2.246515334942886799e+00 -7.049004541320345041e-01
-1.481794167329749001e+00 2.252638824043424304e+00 -7.116180047132001363e-01
-1.481794167329749001e+00 2.252638824043424304e+00 -7.116180047132001363e-01
-1.495519523270234297e+00 2.254516113651805931e+00 -7.156061832920306287e-01
-1.499306994355344536e+00 2.272651376932706579e+00 -7.226636568047801745e-01
-1.495988675404183343e+00 2.271312678361077975e+00 -7.220627692057295377e-01
-1.495988675404183343e+00 2.271312678361077975e+00 -7.220627692057295377e-01
-1.486328056132442565e+00 2.246854095068770096e+00 -7.091240934849523114e-01
-1.475197096079344128e+00 2.245589750497997805e+00 -7.035329861870769363e-01
-1.490490410229460494e+00 2.272635058412192599e+00 -7.151866456455389098e-01
-1.474239101335427904e+00 2.255814697626860266e+00 -7.078759616561365320e-01
-1.493163398715385837e+00 2.255735765456541309e+00 -7.126872496241780652e-01
-1.493163398715385837e+00 2.255735765456541309e+00 -7.126872496241780652e-01
-1.486946714233959188e+00 2.266331052316364669e+00 -7.175885449761096879e-01
-1.475940617450606673e+00 2.250385393618422381e+00 -7.028890749680760663e-01
-1.499183130253032292e+00 2.268298056423088571e+00 -7.225011883811882640e-01
-1.499183130253032292e+00 2.268298056423088571e+00 -7.225011883811882640e-01
-1.480304309629152160e+00 2.245153894775955727e+00 -7.053394872705265328e-01
-1.474352920341351680e+00 2.262494773347303312e+00 -7.085435179634247405e-01
-1.485514027925869396e+00 2.267215796159955943e+00 -7.169171909644429519e-01
-1.483158878717346196e+00 2.256187513103043774e+00 -7.135362530552287197e-01
-1.485001968012648055e+00 2.251130220835102058e+00 -7.126334550759700903e-01
-1.489082874758519637e+00 2.267462587935130003e+00 -7.124106428235972288e-01
-1.484209481543736331e+00 2.270021218915760031e+00 -7.113869634445375567e-01
-1.475556186964386729e+00 2.245087164021613013e+00 -7.036311209440029302e-01
-1.497384159614359778e+00 2.257547630753105494e+00 -7.186130178406537894e-01
-1.483102204218215814e+00 2.270257874087064476e+00 -7.111667061768214282e-01
-1.480636836002277690e+00 2.244782985971019329e+00 -7.067695069943322750e-01
-1.488658995555431908e+00 2.275838658055250985e+00 -7.165003191077925493e-01
-1.492251031830413632e+00 2.276121016195213009e+00 -7.179157771752837647e-01
-1.475198912539223972e+00 2.264508050715345000e+00 -7.069541620616579536e-01
-1.498435476662023369e+00 2.258113166416012341e+00 -7.177409767297522336e-01
-1.474997222626681870e+00 2.261570083354375260e+00 -7.093813950228655685e-01
-1.481700286217424445e+00 2.249401182547528855e+00 -7.052000475551292169e-01
-1.472142892577781303e+00 2.247650481349754870e+00 -7.019216582340668253e-01
-1.470884420358350431e+00 2.257123895386462742e+00 -7.046906010273863430e-01
-1.487792425134596641e+00 2.254088941355815834e+00 -7.150603909145569759e-01
-1.497875816704542729e+00 2.264815357487248271e+00 -7.216974911358979838e-01
-1.491329368352798834e+00 2.273318340196097687e+00 -7.157048522469287022e-01
-1.472951919646195762e+00 2.261101814806835364e+00 -7.073604010499217054e-01
-1.474375030203596504e+00 2.249735583097891123e+00 -7.021552449297114862e-01
-1.483131464730422122e+00 2.245165992348881812e+00 -7.068394815199008363e-01
-1.472474231836668146e+00 2.250390736731491703e+00 -7.017760248170183957e-01
-1.486417688542812421e+00 2.264012948725820262e+00 -7.099805685810576250e-01
-1.483722879445836140e+00 2.257771786752039933e+00 -7.143888472330726103e-01
-1.477081721194392738e+00 2.266666996305088944e+00 -7.080351623945757567e-01
-1.501551632080662557e+00 2.269886350047103818e+00 -7.218416745520475075e-01
-1.479508461080236259e+00 2.269254088489111254e+00 -7.129126142034873936e-01
-1.499716196309734517e+00 2.272094204000195017e+00 -7.204668109591043645e-01
-1.499716196309734517e+00 2.272094204000195017e+00 -7.204668109591043645e-01
-1.477637277590484466e+00 2.265695443508060958e+00 -7.117350222818803474e-01
-1.486948765766672231e+00 2.251846706142690113e+00 -7.138989631655725532e-01
-1.494693330934932174e+00 2.252393618797591035e+00 -7.152574781045970553e-01
-1.474986120529530709e+00 2.244674929482434855e+00 -7.031289921503347529e-01
-1.474986120529530709e+00 2.244674929482434855e+00 -7.031289921503347529e-01
-1.471197345490850461e+00 2.250208384945185713e+00 -7.040472966394064613e-01
-1.491287312446866409e+00 2.249145580128398603e+00 -7.129481820445002782e-01
-1.491635811478850826e+00 2.259144675307651617e+00 -7.183307111552457158e-01
-1.483591306311457414e+00 2.244752534659967047e+00 -7.076125407365578823e-01
-1.496730881696113569e+00 2.266809683910258499e+00 -7.219971695969897851e-01
-1.469869634363640376e+00 2.252925440120466583e+00 -7.023802245721926241e-01
-1.470836048383974415e+00 2.257702568154780209e+00 -7.050620500557052139e-01
-1.478275714707924848e+00 2.251735293506954783e+00 -7.036571969687246408e-01
-1.470966914843347961e+00 2.251454627006488352e+00 -7.016374369808735523e-01
-1.499381761339527941e+00 2.269695226757405759e+00 -7.192398848091290375e-01
-1.493127982835550593e+00 2.276528071601027658e+00 -7.210085547807487671e-01
-1.478187960007618873e+00 2.244142589534674936e+00 -7.055807461417815674e-01
-1.480867374063968400e+00 2.269970071439641135e+00 -7.141174118736168808e-01
-1.474251664583229759e+00 2.263010689256265362e+00 -7.057341166460684434e-01
-1.497272208960219508e+00 2.275294967437861526e+00 -7.228887302745450327e-01
-1.481253311840895925e+00 2.244035565892161799e+00 -7.060057456581310120e-01
-1.473710526334045312e+00 2.245872878342046963e+00 -7.018919150314015809e-01
-1.496565574006466726e+00 2.276956235174540932e+00 -7.222558154181681900e-01
-1.493430511164606012e+00 2.251525079754701508e+00 -7.153213957027304559e-01
-1.480699560602892317e+00 2.272209613652065308e+00 -7.126376337852642351e-01
-1.493850676160726199e+00 2.263814522715146271e+00 -7.138758859605385254e-01
-1.493850676160726199e+00 2.263814522715146271e+00 -7.138758859605385254e-01
-1.478485640870240259e+00 2.265928180795309999e+00 -7.076185250681801264e-01
-1.495270037193019208e+00 2.264828450650391289e+00 -7.150020035782480576e-01
-1.498119511973138751e+00 2.260935157563567444e+00 -7.207177723887268073e-01
-1.491404806362280677e+00 2.276328340382535842e+00 -7.172179617634579785e-01
-1.492698530100005083e+00 2.277295190660326707e+00 -7.185634423544939864e-01
-1.473031836587773036e+00 2.263327829020706172e+00 -7.072610322415986417e-01
-1.497594524036964136e+00 2.255503767831593898e+00 -7.173329991749550771e-01
-1.484410813152299280e+00 2.250925246789465817e+00 -7.064691479589324530e-01
-1.493768498296450531e+00 2.253888220334702375e+00 -7.127682757336186725e-01
-1.470809798481109487e+00 2.247355407386856019e+00 -7.023441069745608445e-01
-1.495935686213721194e+00 2.265939567840022928e+00 -7.217044597742390266e-01
-1.492278479305946703e+00 2.252818136042139763e+00 -7.116073406481984165e-01
-1.485514216737279902e+00 2.270886103607967943e+00 -7.174431304494541806e-01
-1.487210137918954178e+00 2.275239697451423737e+00 -7.180318924357980137e-01
-1.475340196158065664e+00 2.243813465958500508e+00 -7.035147019456511330e-01
-1.493209339045495465e+00 2.251544428595402270e+00 -7.125734139508690390e-01
-1.481599840164089965e+00 2.271634165350533863e+00 -7.112378345837280236e-01
-1.480927720196997699e+00 2.244089444420771073e+00 -7.072080871574000227e-01
-1.496257578750358253e+00 2.266019398699212317e+00 -7.158127604878146144e-01
-1.470458741698959182e+00 2.253593151842350650e+00 -7.017063679176454016e-01
-1.497648309521292020e+00 2.261236486526945644e+00 -7.209498880331635107e-01
-1.495030722123943612e+00 2.271504160897390268e+00 -7.165896785845351502e-01
-1.480168645750985279e+00 2.270044371645970394e+00 -7.098880989729270397e-01
-1.492803249787833408e+00 2.267790548137594175e+00 -7.209790491936711732e-01
-1.492933854667460425e+00 2.274425681110658459e+00 -7.166085063004175026e-01
-1.501052744626944602e+00 2.274272601312422815e+00 -7.221768830048711507e-01
-1.485297385433451023e+00 2.271616377663212560e+00 -7.174117229446874688e-01
-1.483698967673505731e+00 2.245641810494770851e+00 -7.096947079806517067e-01
-1.491763093701541587e+00 2.277793004013215938e+00 -7.202793086453942450e-01
-1.473536166573252260e+00 2.245685249575455344e+00 -7.014156993863540634e-01
-1.485917822587624837e+00 2.257288695571132209e+00 -7.155953719278844716e-01
-1.469945689223904672e+00 2.250475897053153318e+00 -7.009881635373620412e-01
-1.489657747358623885e+00 2.248592411802082580e+00 -7.098934642780871940e-01
-1.491083486528720803e+00 2.265329359935399633e+00 -7.198635967467987840e-01
-1.479924963047519970e+00 2.271941223442553337e+00 -7.130890366749538245e-01
-1.473788449167086512e+00 2.256068826577343867e+00 -7.082461490077900379e-01
-1.480445650048669126e+00 2.258825048890341858e+00 -7.056510218765614795e-01
-1.487901395334968679e+00 2.245698092622947062e+00 -7.099380930298764270e-01
-1.480029789217306435e+00 2.246506150722363593e+00 -7.087665176079962492e-01
-1.499419080034281260e+00 2.257138664947592410e+00 -7.184055886064042440e-01
-1.494733805501359925e+00 2.270321489497579392e+00 -7.222191929426227119e-01
-1.477738078865953320e+00 2.242726653394646608e+00 -7.045889989742546433e-01
-1.475526890396360313e+00 2.253552574129203734e+00 -7.025709739926302433e-01
-1.485826630544993865e+00 2.252194831431316935e+00 -7.071092362183506452e-01
-1.502986753317695268e+00 2.266948606026982560e+00 -7.220105879671052662e-01
-1.495273003418104540e+00 2.273070431006411152e+00 -7.171510719247971011e-01
-1.488044530183947778e+00 2.277444810138342657e+00 -7.180731876977235473e-01
-1.483779567391315224e+00 2.275479099539416072e+00 -7.147955708107263106e-01
-1.483342493081047042e+00 2.244041841798834813e+00 -7.063440095775224137e-01
-1.474005646911377809e+00 2.263787051533626915e+00 -7.055749430170781267e-01
-1.490481086372821284e+00 2.247867336559240314e+00 -7.107070177123429033e-01
-1.490525600498756598e+00 2.252934306846743784e+00 -7.100374026423983409e-01
-1.477760143126279235e+00 2.243975306541281078e+00 -7.030044388338927419e-01
-1.485638405931219097e+00 2.245832014970241097e+00 -7.106836215151455249e-01
-1.477524409786878046e+00 2.246832318467137046e+00 -7.077248158218587548e-01
-1.488437834710414798e+00 2.247500366990197840e+00 -7.089036453526285086e-01
-1.489095444718759431e+00 2.278039753311170035e+00 -7.186701116981195625e-01
-1.471412041958422456e+00 2.262562535281821940e+00 -7.057494190594599814e-01
-1.498213526476582569e+00 2.274657143107010615e+00 -7.238674160530962354e-01
-1.492083725215441969e+00 2.258975655251093340e+00 -7.188538388465950391e-01
-1.475651743153583384e+00 2.267935687735913586e+00 -7.102545278066649814e-01
-1.471878709771199834e+00 2.260557352072107840e+00 -7.038104053424936168e-01
-1.494088913707843247e+00 2.264918700925423245e+00 -7.139087601341760347e-01
-1.481659898625187433e+00 2.246445210472520326e+00 -7.045543381526577775e-01
-1.470149640145554271e+00 2.258146687845056011e+00 -7.054685130584328334e-01
-1.487819267966574710e+00 2.271608156473192253e+00 -7.191545289916048134e-01
-1.488783252021177894e+00 2.253110180359828352e+00 -7.088277288028583811e-01
-1.470447037596211981e+00 2.256823209140607744e+00 -7.022277582561722298e-01
-1.487932819837771259e+00 2.266472578129340221e+00 -7.187286359914857314e-01
-1.477893292165210370e+00 2.254161224723407742e+00 -7.034484374386202887e-01
-1.481175401924374579e+00 2.273951391792961019e+00 -7.135990511564953565e-01
-1.474253399636866968e+00 2.253387877804570394e+00 -7.019880354633967201e-01
-1.496764436779370655e+00 2.274073823295099217e+00 -7.234464560168643033e-01
-1.497682272280748350e+00 2.255186868805295397e+00 -7.185858429823950289e-01
-1.484767218602506711e+00 2.270196551224227477e+00 -7.108930326643143616e-01
-1.490946989446202409e+00 2.263222453765171061e+00 -7.195704168377980992e-01
-1.503273123546535306e+00 2.272601772970144207e+00 -7.232998211163286228e-01
-1.491279651984307453e+00 2.247960025826434727e+00 -7.134527688414058488e-01
-1.468145286531575167e+00 2.254189596974874199e+00 -7.025304248259871542e-01
-1.471745657008642461e+00 2.253814491643324036e+00 -7.013740147656841728e-01
-1.481590354398057752e+00 2.242616076717240059e+00 -7.056254573203908365e-01
-1.490369633941467153e+00 2.267925837082360729e+00 -7.125660252759482560e-01
-1.502091781070274079e+00 2.275295215723379894e+00 -7.230411743934643809e-01
-1.489516854071979202e+00 2.253037418017195037e+00 -7.092164145989823254e-01
-1.482331715611934442e+00 2.270369592818385129e+00 -7.101307014419617758e-01
-1.468595132598697006e+00 2.247788961793022011e+00 -7.005554592222287269e-01
-1.480863929867771045e+00 2.242253062801782271e+00 -7.057101619381560553e-01
-1.474008542884744921e+00 2.264593239491010657e+00 -7.057088061231793219e-01
-1.475765470587044437e+00 2.264857016083352104e+00 -7.059738271944153709e-01
-1.499547993559952941e+00 2.265924939840161301e+00 -7.231521981255939480e-01
-1.471923444797652802e+00 2.259508826424296846e+00 -7.031339603969311014e-01
-1.472533942980417399e+00 2.247522265142841036e+00 -7.005229043816942891e-01
-1.483629447691813485e+00 2.275474667340640966e+00 -7.159177487931192019e-01
-1.484452188790451821e+00 2.276657306137459535e+00 -7.157902620503788782e-01
-1.494335810344438631e+00 2.278377523500886070e+00 -7.189354277071116073e-01
-1.492775012202965712e+00 2.251280546443445552e+00 -7.161714743455700471e-01
-1.479263154104357714e+00 2.257698371006656490e+00 -7.046164604845213120e-01
-1.479522123505647269e+00 2.264674898379642087e+00 -7.067761899119391344e-01
-1.501862034197146478e+00 2.272780351118024456e+00 -7.212819772981511335e-01
-1.502461629652905195e+00 2.269752689543723445e+00 -7.208918388159419877e-01
-1.480799642066974897e+00 2.274330500082618833e+00 -7.127578424157503534e-01
-1.472288589944139137e+00 2.242628399213981272e+00 -7.012299216438684368e-01
-1.500740308831868042e+00 2.262429745418686355e+00 -7.180961688061362480e-01
-1.502412909576506417e+00 2.261301938436301562e+00 -7.201983605903325980e-01
-1.469360944523325108e+00 2.246574077383206358e+00 -7.022264933302464485e-01
-1.471389871545381700e+00 2.263558748841459689e+00 -7.052840603409391562e-01
-1.490298075579667758e+00 2.258033856568100628e+00 -7.100949253507744530e-01
-1.471508743935174834e+00 2.257832366564346938e+00 -7.022468668861403529e-01
-1.487928665763607938e+00 2.253061103875181548e+00 -7.080477002571816669e-01
-1.480480031826942211e+00 2.270686982124271225e+00 -7.095626514793149653e-01
-1.502455621348460557e+00 2.270527881377872870e+00 -7.209184607339453876e-01
-1.478839571336439507e+00 2.263295023031723030e+00 -7.133528779045548163e-01
-1.469624087976858728e+00 2.258260378254655087e+00 -7.055984346976895694e-01
-1.473784606494991101e+00 2.262686974746554558e+00 -7.096631798005219594e-01
-1.485233330702182553e+00 2.277394758211400028e+00 -7.150929601488593690e-01
-1.468054093310434016e+00 2.256616746959499764e+00 -7.018813913559380779e-01
-1.468785899124530392e+00 2.248453163136868049e+00 -6.994990681543598043e-01
-1.476091963015232267e+00 2.241503941975188763e+00 -7.042047637351025458e-01
-1.490125940150520911e+00 2.264286449043422689e+00 -7.111451660257870344e-01
-1.502434506171995032e+00 2.268453025053222216e+00 -7.201789077149687301e-01
-1.474547607051319931e+00 2.269172069282968884e+00 -7.091584128335446380e-01
-1.489129191659489537e+00 2.256072390303115682e+00 -7.172376925424641669e-01
-1.490448230171258492e+00 2.264810817126313935e+00 -7.200452374029149283e-01
-1.503168790916426190e+00 2.262804052824885392e+00 -7.228864273068253965e-01
-1.472148481561671662e+00 2.243279915066596075e+00 -6.999288100436960036e-01
-1.503130372897933498e+00 2.260666852258365722e+00 -7.212880398682939287e-01
-1.471096349570585327e+00 2.256241493996168579e+00 -7.070415013134105919e-01
-1.502055233212995722e+00 2.277846163371309185e+00 -7.254793753167581016e-01
-1.481434520628604812e+00 2.257540433228561572e+00 -7.051940701085666063e-01
-1.472278431711105506e+00 2.265782050528756475e+00 -7.084555789652586810e-01
-1.493426205097168502e+00 2.277910204046128761e+00 -7.227197097354984834e-01
-1.487007620018043097e+00 2.270309065173932606e+00 -7.112858071050762732e-01
-1.500964093116860854e+00 2.255736071511584839e+00 -7.184550664759310479e-01
-1.501093411319776694e+00 2.257316531937590742e+00 -7.178600461425359569e-01
-1.468812082781212336e+00 2.248604700672664602e+00 -6.989843348512465582e-01
-1.471592502037314176e+00 2.246819610295519798e+00 -7.049332549681919247e-01
-1.504591287904581964e+00 2.263089249952301429e+00 -7.224769932281756013e-01
-1.478585151335267689e+00 2.260187165873170922e+00 -7.130514006569246277e-01
-1.504513217540473846e+00 2.276762158677945180e+00 -7.248458452295860610e-01
-1.494672348357680924e+00 2.264859037522165774e+00 -7.136004075145452319e-01
-1.491784008236941572e+00 2.280085711880980082e+00 -7.179636489767400320e-01
-1.495713395395470213e+00 2.249953016726101485e+00 -7.164990886589244212e-01
-1.499748935989347443e+00 2.258171304203633767e+00 -7.214128081188020403e-01
-1.497650079610884699e+00 2.251042461096739888e+00 -7.154161644354859462e-01
-1.484686755233500355e+00 2.275581001507277712e+00 -7.126836014374742234e-01
-1.490083347231528244e+00 2.271189923687613632e+00 -7.210620862115701968e-01
-1.470603066542536697e+00 2.265569000066391503e+00 -7.060902420646133493e-01
-1.476433669235863499e+00 2.239470592671514382e+00 -7.035955870129404488e-01
-1.503438987105746749e+00 2.267700505236434072e+00 -7.202697100661428209e-01
-1.494196522622819545e+00 2.254290577156236708e+00 -7.187951859713788139e-01
-1.505694162359859423e+00 2.268489945094025906e+00 -7.254528602926217928e-01
-1.489628759010185988e+00 2.281347609287872835e+00 -7.180956196674612713e-01
-1.478030845216303790e+00 2.259132540540292666e+00 -7.127276388580909838e-01
-1.468439184833993938e+00 2.242118319072964105e+00 -6.986124850503276917e-01
-1.490939713739587225e+00 2.257172240227487858e+00 -7.187107517890423125e-01
-1.491467621873435068e+00 2.275183351584455949e+00 -7.222122990535018161e-01
-1.496434798673269562e+00 2.272073328625294319e+00 -7.242096413902183727e-01
-1.476164229234481873e+00 2.247905165102542568e+00 -7.008736646146287441e-01
-1.471472595494824898e+00 2.254211279969855486e+00 -7.074728989344194474e-01
-1.499281760214795423e+00 2.254697864295657439e+00 -7.201284423281260061e-01
-1.499096511867202830e+00 2.276638374907767659e+00 -7.256793608198712775e-01
-1.467175072546666570e+00 2.244607278718127930e+00 -7.011654569964784756e-01
-1.503844542485195612e+00 2.269038226192113150e+00 -7.205385506567951737e-01
-1.494646891654338727e+00 2.259317919488958548e+00 -7.209012749503473927e-01
-1.497501707209739408e+00 2.275994824853985854e+00 -7.251518429004759625e-01
-1.471960239496033829e+00 2.267873676731539057e+00 -7.059495030643807567e-01
-1.483382520013114991e+00 2.277604110242135604e+00 -7.172096774524057139e-01
-1.504330859665973241e+00 2.280675106652401585e+00 -7.255437578318151282e-01
-1.505304741276000335e+00 2.260825594264760152e+00 -7.220039485076217289e-01
-1.496185684890927847e+00 2.247629082472072160e+00 -7.141030678378070817e-01
-1.478093932407311684e+00 2.252331283078442770e+00 -7.021209743874283760e-01
-1.466128983052630952e+00 2.253201126114952935e+00 -7.032371185831793881e-01
-1.506985307474681290e+00 2.274833477250547631e+00 -7.248293989499607903e-01
-1.468152998862518155e+00 2.263833593625005580e+00 -7.039036891905432469e-01
-1.478975560454343086e+00 2.262875255104287664e+00 -7.142880146137411401e-01
-1.498006506034972318e+00 2.253414017421014215e+00 -7.197801727137944638e-01
-1.505988917321395615e+00 2.274303235412010071e+00 -7.275933299249102149e-01
-1.467347730194821454e+00 2.260916704865200799e+00 -7.052451012644347372e-01
-1.498868327624585772e+00 2.250922564318504460e+00 -7.150309440152451401e-01
-1.469245157081182196e+00 2.238488164311811524e+00 -6.986931182049520572e-01
-1.492513210183913586e+00 2.283876894589991213e+00 -7.221337183572504870e-01
-1.471145279268120554e+00 2.250914922070180069e+00 -6.989415065628143964e-01
-1.474667727361926639e+00 2.248873458067684350e+00 -7.085400587884382873e-01
-1.504154367111347090e+00 2.261537877283101405e+00 -7.192011916478975309e-01
-1.467878152418398141e+00 2.243173160305431679e+00 -7.019499047438513273e-01
-1.485505039419497297e+00 2.241795746718831417e+00 -7.106863912921213000e-01
-1.505184592775266283e+00 2.263269877293042853e+00 -7.251470815041765050e-01
-1.497519304011625696e+00 2.248140286003538879e+00 -7.140403581880256922e-01
-1.474083826069046754e+00 2.268524429639072082e+00 -7.053070199185489386e-01
-1.468029537195680412e+00 2.238112448002551158e+00 -6.971345622396833974e-01
-1.479056492020191182e+00 2.268912298482745449e+00 -7.155012789986328059e-01
-1.461467357220086249e+00 2.247536975422889327e+00 -6.971052061877847095e-01
-1.490685331555939630e+00 2.248262246545162490e+00 -7.162349928734492721e-01
-1.503941837129292747e+00 2.284962560263821274e+00 -7.260294501210875495e-01
-1.476479361764610143e+00 2.276513709181265721e+00 -7.110734448647306749e-01
-1.498601099249656121e+00 2.280060419294376750e+00 -7.194739821710438576e-01
-1.465748307021031094e+00 2.262072443385721332e+00 -7.012233250735047108e-01
-1.497586150768585478e+00 2.285155506192206865e+00 -7.212815600832067631e-01
-1.496887436734773535e+00 2.258103620302763570e+00 -7.125047707090468307e-01
-1.498425244423463365e+00 2.266778368212333472e+00 -7.251884333965303853e-01
-1.508373036682688628e+00 2.262440983965309904e+00 -7.257669270751216928e-01
-1.487574699353189089e+00 2.237583831055871997e+00 -7.078138912086808787e-01
-1.489611477521325389e+00 2.282286226589917089e+00 -7.230658038170680868e-01
