1.006575776689502133e-05
1.006914265370802924e-05
1.028378763798469153e-05
1.054254870598793882e-05
1.074793623310043913e-05
1.074496266821738268e-05
1.076908531625082047e-05
1.081853282848554885e-05
1.144422387599347726e-05
1.203818252944649716e-05
1.211232719335331853e-05
1.213535849978793568e-05
1.228359224817019798e-05
1.262125576004443810e-05
1.301668354901470848e-05
1.303303557634469145e-05
1.307872108338841475e-05
1.352632616045924222e-05
1.350274555296358593e-05
1.360476061859539622e-05
1.366195628985080220e-05
1.367340729968546028e-05
1.370155925222752853e-05
1.370571496827642836e-05
1.381908738597809504e-05
1.400127725914898789e-05
1.397946246907290906e-05
1.403363380993593744e-05
1.471971315164064726e-05
1.470880858723314711e-05
1.477478032039328518e-05
1.518731064416017427e-05
1.521654355067327147e-05
1.607626565821424457e-05
1.624561779558210159e-05
1.674245928273452124e-05
1.692177101505549074e-05
1.859190603805609636e-05
1.957989023884656527e-05
1.952487183440789818e-05
1.972730050464757291e-05
1.975943915299397687e-05
1.995727820656821114e-05
2.008928590571038207e-05
2.023481087742463389e-05
2.059239166417780727e-05
2.109584981015643232e-05
2.172417195200618609e-05
2.206897931774678257e-05
2.256657076174213659e-05
2.269726665434733168e-05
2.269742665514134478e-05
2.263710565347540628e-05
2.272906374642462120e-05
2.295880504063337477e-05
2.293858397033016427e-05
2.297460385455116436e-05
2.416467215273749872e-05
2.421021839209589821e-05
2.418986719403353706e-05
2.551331325184163571e-05
2.547125309277572809e-05
2.623145561589547555e-05
2.666451822762775940e-05
2.660181864899325866e-05
2.672642399353710924e-05
2.672573100037616266e-05
2.692302292161414379e-05
2.713252479176646707e-05
2.781609296067592322e-05
2.796010221433817617e-05
2.948693392067223745e-05
2.944126780284265417e-05
3.063014821234216235e-05
3.105939200444003245e-05
3.112400963086217712e-05
3.102292025699709976e-05
3.105050794009044264e-05
3.095657443797175147e-05
3.178140163776846665e-05
3.268496638637381118e-05
3.266718023773447049e-05
3.348535232488813849e-05
3.340002130669315710e-05
3.443732338758225892e-05
3.477399596144417680e-05
3.470932519770744923e-05
3.462376342219854885e-05
3.471003094682384367e-05
3.526586734389562764e-05
3.533204033222088676e-05
3.597125706059861545e-05
3.628720045424048006e-05
3.713703717784624437e-05
3.724168856166554161e-05
3.779864739618203211e-05
3.839043718341119381e-05
3.856746828222317749e-05
3.866630390155546972e-05
3.861004935529895949e-05
3.871768539682153500e-05
3.859540568834305947e-05
3.888140973029066661e-05
4.061193615148924905e-05
4.047836564085977414e-05
4.088354377179794955e-05
4.112275704647131856e-05
4.111367425879316453e-05
4.158162905709262387e-05
4.196394956304417970e-05
4.216111565192784535e-05
4.227754030238342256e-05
4.217265488212790524e-05
4.252495529166536723e-05
4.387117985272230857e-05
4.403581462571638517e-05
4.423745320276574472e-05
4.443626463636619873e-05
4.477398885076732825e-05
4.750861030202480512e-05
4.920391225472047750e-05
4.959040264832206466e-05
5.027140101617382704e-05
5.033330908687631979e-05
5.019843499762686382e-05
5.046326360253738908e-05
5.114623513597040168e-05
5.129804921949657719e-05
5.166432135134206008e-05
5.462492817027230049e-05
5.632311004134754422e-05
5.624119467099311718e-05
5.685048285040038908e-05
5.714343894550344427e-05
5.724707544087842754e-05
5.740769745793069829e-05
5.982722931547388540e-05
6.098246151005775630e-05
6.117042255773630464e-05
6.243752716026639276e-05
6.298626494532259476e-05
6.366564449294620184e-05
6.541320374597690964e-05
6.595242805741679127e-05
6.771531522194755494e-05
6.788655829121315272e-05
6.895315752526812733e-05
7.039043222171235492e-05
7.315911227673208277e-05
7.333050118205567270e-05
7.397477891948161502e-05
7.516370148046088871e-05
7.546418929669907838e-05
7.561391283695662708e-05
7.675455163916998925e-05
7.775044988655722663e-05
7.980478407381335964e-05
8.329486395601467261e-05
8.744588857438536375e-05
8.743297106353384947e-05
8.914727580956226054e-05
9.006392105482750844e-05
9.143594354366669532e-05
9.291370338921632100e-05
9.295721499525346388e-05
9.362315185115469192e-05
9.350371278030724590e-05
9.500319329085995992e-05
9.612149887506481725e-05
9.677336852586331212e-05
9.855974910144777237e-05
1.010746051559482624e-04
1.042621464374904420e-04
1.047225993843775577e-04
1.049018927026588419e-04
1.111924746383709126e-04
1.123999852270219740e-04
1.129664169552957589e-04
1.129789719768003033e-04
1.135470357697605825e-04
1.139911902504075369e-04
1.141330889865215610e-04
1.168665429423360714e-04
1.168199540024731910e-04
1.166048339151435465e-04
1.162984068018046345e-04
1.160307104249673065e-04
1.185072811163235472e-04
1.185715809816314023e-04
1.199377724785456349e-04
1.199061852784954948e-04
1.196862558007747601e-04
1.218717090137773758e-04
1.217612974040078761e-04
1.262662510679935033e-04
1.261186881247859540e-04
1.259219672711124930e-04
1.268251280603397097e-04
1.284510292414286624e-04
1.297198668958891485e-04
1.297712989315465506e-04
1.309310547384521985e-04
1.327084931798049820e-04
1.360169730331014463e-04
1.388803020079768663e-04
1.401546328490857170e-04
1.402613024050336900e-04
1.402903751426894281e-04
1.412353538414020597e-04
1.439444627358254765e-04
1.440182023157611654e-04
1.451883423330357318e-04
1.498389621487270212e-04
1.510909989527243786e-04
1.528434860397044962e-04
1.528150596086131502e-04
1.565970796541337037e-04
1.590138401886160853e-04
1.645293496124006173e-04
1.697402177269765960e-04
1.701047341020349619e-04
1.791693242414148777e-04
1.792768285538497391e-04
1.813864901649243704e-04
1.843588646823075253e-04
1.842516178471361322e-04
1.847295743624136272e-04
1.871105241075658753e-04
1.877263000970364522e-04
1.890095970037053885e-04
1.972831962521459377e-04
1.980050633873463013e-04
1.975427050848766472e-04
1.981624381184887988e-04
1.978289953487206987e-04
1.981249651677424836e-04
1.983153043672188890e-04
1.987222018269078601e-04
1.981148872023901885e-04
2.006915463324679741e-04
2.039198510871440624e-04
2.046016402237901355e-04
2.075573159469365329e-04
2.072124608144099807e-04
2.072576983000032954e-04
2.092107888945621275e-04
2.100744570602947579e-04
2.128947792166934058e-04
2.130797547071983718e-04
2.128136900088942163e-04
2.210282785929617276e-04
2.251157507187124163e-04
2.262972123151587320e-04
2.272626168345268636e-04
2.268288114747041273e-04
2.260969100417111355e-04
2.257905705972827390e-04
2.253115876861877032e-04
2.255585835361116544e-04
2.248326304424648665e-04
2.255597051702281860e-04
2.272475501765092512e-04
2.315095600304061863e-04
2.329923746817565220e-04
2.354821418595814746e-04
2.348131674422592255e-04
2.351198645494503370e-04
2.348906779811263141e-04
2.365555918580266735e-04
2.365470134152479541e-04
2.387486124447849619e-04
2.381813339615599463e-04
2.375531439408819397e-04
2.393655629010516537e-04
2.392566368188918640e-04
2.420179550335332106e-04
2.420800658757131551e-04
2.415892933650857848e-04
2.418688238613771321e-04
2.411248296232779847e-04
2.403299354280783492e-04
2.396839803617948391e-04
2.397159349919082694e-04
2.416795281153009088e-04
2.415526250391241575e-04
2.413082487259493971e-04
2.438957752111288728e-04
2.446944031096801291e-04
2.447242226893469805e-04
2.478156267440417273e-04
2.477444862472553424e-04
2.482596656185228332e-04
2.474681635264287089e-04
2.474222467620923850e-04
2.493795188157051177e-04
2.488526075940514963e-04
2.504566171717600162e-04
2.559072572016049996e-04
2.558758218783740318e-04
2.573855066902617996e-04
2.597334359660690740e-04
2.623863376133583631e-04
2.631359468852759783e-04
2.647808975755020378e-04
2.656338374044769609e-04
2.725598008802667446e-04
2.722938092619330225e-04
2.744483150127848990e-04
2.795374245616851828e-04
2.796482450688455505e-04
2.806999642355178506e-04
2.807403502080130057e-04
2.805357189343161560e-04
2.848444173342106725e-04
2.852270038920041084e-04
2.869105219868706949e-04
2.868734954362553240e-04
2.875632872883557680e-04
3.064893482525300164e-04
3.061032514670051032e-04
3.086654150701055783e-04
3.088097640237880332e-04
3.160721640438013077e-04
3.163296452110662830e-04
3.169956233804738514e-04
3.227576120839868615e-04
3.224545577891704969e-04
3.252914583599996541e-04
3.253930325054866851e-04
3.263968563369409296e-04
3.286444161815693567e-04
3.380164961168199999e-04
3.375202589169953816e-04
3.386489637554239776e-04
3.397858354258740960e-04
3.392957419938076873e-04
3.411564094719393312e-04
3.444355352469568687e-04
3.464256449551444440e-04
3.531791112599285852e-04
3.567110000991746362e-04
3.602993995145579520e-04
3.606685084889623316e-04
3.608277529356837239e-04
3.618583161848715831e-04
3.682712096925932436e-04
3.692313010971278375e-04
3.686108250838677743e-04
3.680663725160367443e-04
3.700035685086047635e-04
3.714709103000392787e-04
3.750008636978284342e-04
3.910034953293411932e-04
3.939793236160215434e-04
3.933194657601731523e-04
3.981251449625542631e-04
3.994052433178809009e-04
4.003316175330479988e-04
4.075570398527887271e-04
4.081234342108336658e-04
4.104789438303326106e-04
4.121987488403993706e-04
4.113734585391316118e-04
4.163447736279468300e-04
4.195756948640961062e-04
4.193087039987445719e-04
4.187421924629125742e-04
4.187813321759970638e-04
4.192438889898310469e-04
4.220631200778285678e-04
4.215336919871976633e-04
4.215298738773664883e-04
4.242756713656189679e-04
4.231369675071378913e-04
4.225876054491863217e-04
4.213933714446465749e-04
4.222176664988037519e-04
4.344265298853852621e-04
4.348777433765663755e-04
4.355455824867689066e-04
4.347039153705683947e-04
4.360260731295304828e-04
4.465086245778682942e-04
4.483911349375547519e-04
4.553159062683877277e-04
4.604021897775219859e-04
4.647277492717513713e-04
4.702437035454962383e-04
4.739860573841549619e-04
4.758302317692515260e-04
4.763803366820978805e-04
4.800990500850091098e-04
4.843653523805043349e-04
4.843197259255707220e-04
4.856933786344502769e-04
4.854061066359162098e-04
4.891491857823723711e-04
4.888292226934225996e-04
4.887414459236013231e-04
4.901445969819596092e-04
4.932488570066054972e-04
5.066417619290554961e-04
5.064914563965730674e-04
5.057550315210438980e-04
5.073104886852289677e-04
5.122210128696656067e-04
5.136490722485398614e-04
5.157359282766177042e-04
5.182392591384781281e-04
5.216910653772868257e-04
5.265089966207784928e-04
5.293310137649534421e-04
5.283309593121279226e-04
5.314578960734717616e-04
5.311765704637119246e-04
5.429407774396094368e-04
5.419300156550587756e-04
5.485560838426815607e-04
5.532344905727081029e-04
5.576923552187447583e-04
5.620762744309756691e-04
5.663259123192094461e-04
5.681592450211046894e-04
5.790874691074800141e-04
5.788821219833210864e-04
5.829011972822381073e-04
5.817674879190499592e-04
5.960932598162359220e-04
5.954267780900540045e-04
5.952014544697072649e-04
5.934895685255005444e-04
5.921773679506249846e-04
5.956620010836068948e-04
5.938957046081608715e-04
6.029515063491619345e-04
6.010924847124408769e-04
6.003022801512801444e-04
6.006866871994767003e-04
6.114639656799897727e-04
6.134608260748743288e-04
6.177347558369021725e-04
6.218983523610633560e-04
6.214380939423869458e-04
6.296191814351598552e-04
6.335682807214815856e-04
6.352111123697276726e-04
6.438051207835218627e-04
6.456338702329247328e-04
6.455075951759600824e-04
6.459762083570043216e-04
6.451389481881748562e-04
6.541060179207600382e-04
6.521210731648559820e-04
6.613608139835819777e-04
6.592749380239164118e-04
6.572144063907051992e-04
6.586986651414616445e-04
6.602071682188518286e-04
6.582479509726506034e-04
6.585361485835743026e-04
6.583162899084874517e-04
6.567335944328796032e-04
6.545601584660956001e-04
6.547845170261287762e-04
6.584450927782872385e-04
6.563028148516920814e-04
6.542479968668165778e-04
6.524102538506138926e-04
6.579838505386951435e-04
6.660537988015660183e-04
6.729373090882574552e-04
6.712323482407242482e-04
6.704507035337197319e-04
6.703152727617979522e-04
6.687815601625421305e-04
6.722158222093140749e-04
6.708234044612180688e-04
6.690627554988497856e-04
6.673678272437988347e-04
6.673311886435025772e-04
6.693302382362388862e-04
6.699831838948844265e-04
6.696650811127723753e-04
6.679935366196263109e-04
6.682891176367544749e-04
6.668151913647621084e-04
6.739022555244175835e-04
6.718180396792281352e-04
6.737109313838463487e-04
6.763110206699007648e-04
6.801156049901943513e-04
6.802388123631266390e-04
6.821084486577209558e-04
6.975142067922740496e-04
6.959633489658638731e-04
6.947806958784929435e-04
6.954982217513994841e-04
6.951093654209957243e-04
6.940269811644174391e-04
6.963436257416369835e-04
6.943295380256720144e-04
6.925336108341076380e-04
6.909725496236180861e-04
6.899096669002634718e-04
6.880266895950545641e-04
6.914717624407441462e-04
6.920718398952849888e-04
6.945360079018976073e-04
6.928393777394010631e-04
6.925759613270565489e-04
6.909411173221539828e-04
6.971895115479633540e-04
7.070858559980769831e-04
7.062096214066176372e-04
7.043611516852772139e-04
7.089635153236720352e-04
7.076224143122914877e-04
7.197132879176348008e-04
7.341152820506637771e-04
7.322673076387597232e-04
7.394221631880525851e-04
7.372150166804008163e-04
7.397144642169539795e-04
7.398063645106325859e-04
7.383507320148759373e-04
7.389702354396120686e-04
7.377392558087702765e-04
7.366769935591056676e-04
7.413892490417274116e-04
7.449140800296226352e-04
7.502021911370112183e-04
7.546453635854864480e-04
7.705277163292356376e-04
7.767438371155434285e-04
7.852736963424415684e-04
7.840368723096244894e-04
7.909045715192331320e-04
7.882949244500657990e-04
7.891025816676351407e-04
7.945383894358931621e-04
7.919477210228951288e-04
7.934811516540164538e-04
8.002116684601923635e-04
8.013879777744348535e-04
8.126982391038019065e-04
8.130999884124145939e-04
8.111603611074296631e-04
8.122010020789812183e-04
8.210949877544160974e-04
8.214722654551001330e-04
8.191652439760184869e-04
8.207685937632275362e-04
8.194379069750647214e-04
8.167923062687640345e-04
8.149325878823353514e-04
8.158897004343463547e-04
8.133256857443206447e-04
8.162188185891177793e-04
8.167680993585285090e-04
8.179648469355880851e-04
8.247877705289921764e-04
8.280904025048167706e-04
8.293329832051238781e-04
8.296382221382850352e-04
8.306624236405861766e-04
8.297296909225164354e-04
8.281212368219680910e-04
8.258104249598085091e-04
8.255012119265419312e-04
8.265809383627140735e-04
8.261332941732229445e-04
8.237416283146975927e-04
8.420269033778251871e-04
8.398627057177403526e-04
8.405024777715804606e-04
8.420891247535007909e-04
8.445825570417592621e-04
8.442210043648196291e-04
8.429178075086092353e-04
8.463578687061877690e-04
8.437278897293220723e-04
8.582338327430671238e-04
8.567803302406624185e-04
8.576044538548644814e-04
8.612036555097643629e-04
8.588578749253371293e-04
8.594085331045011721e-04
8.603268192364054009e-04
8.625183033178168788e-04
8.622814893858432713e-04
8.641848351318062033e-04
8.698876761784024017e-04
8.672877778832819911e-04
8.702036489195216903e-04
8.787176064585931930e-04
8.783353873983252777e-04
8.774292506359003714e-04
8.871562056505283463e-04
8.865238866617728211e-04
8.937207353008744162e-04
8.944283257366035522e-04
8.931557130240069938e-04
8.975676512598388572e-04
9.022679532163288942e-04
9.128821148618906749e-04
9.158909347344913483e-04
9.137867463189106249e-04
9.121740259890069244e-04
9.158535297484828204e-04
9.183184554745670242e-04
9.158508417184674493e-04
9.138661707384831880e-04
9.124229399822879425e-04
9.281392562906676420e-04
9.250847429799237409e-04
9.321592453251300063e-04
9.369136932569456034e-04
9.424118505154154609e-04
9.550651126518659760e-04
9.530964626423556966e-04
9.502060986216238772e-04
9.490343306293086206e-04
9.533819865466424456e-04
9.566457460282137056e-04
9.550403519001914856e-04
9.569912402603825792e-04
9.604906856776412264e-04
9.598214332650949416e-04
9.581227787580027990e-04
9.597561459930709082e-04
9.605283830802450323e-04
9.593533339293052430e-04
9.591094111268433798e-04
9.699443329357993002e-04
9.668548428293267938e-04
9.717341559281024920e-04
9.689353198347268239e-04
9.709941864734395345e-04
9.756685433867395320e-04
9.741194432726147561e-04
9.790253556136326290e-04
9.822439391102119523e-04
9.839938765147987400e-04
9.817128241513264301e-04
9.823137260561800883e-04
9.828667519467739356e-04
9.860815734664305724e-04
9.883345202872338697e-04
9.853997565971409252e-04
9.842241138327272217e-04
9.812477398499434410e-04
9.991285059979258028e-04
9.996897393310972147e-04
1.002494272249668814e-03
1.004570259382297310e-03
1.003451212458175224e-03
1.009276224216526128e-03
1.007569077427723347e-03
1.009317220640954535e-03
1.008167197821129187e-03
1.018686723746511274e-03
1.018460261300618841e-03
1.015756290085965702e-03
1.016865744831240131e-03
1.013625013315242341e-03
1.015652219725463653e-03
1.013706931366813386e-03
1.010455961850923942e-03
1.008656278569513079e-03
1.008488653104087397e-03
1.005925142290650361e-03
1.006178967304719547e-03
1.008923154499657537e-03
1.006411410059097813e-03
1.005690970450111386e-03
1.009554788141246240e-03
1.015473122394403450e-03
1.014312376574396518e-03
1.019776385107159069e-03
1.018429499860033739e-03
1.021500753442698261e-03
1.019059396758968021e-03
1.022446914517276565e-03
1.022004351502263679e-03
1.019528607446122930e-03
1.018600219944614318e-03
1.020369172832837372e-03
1.023971234504054886e-03
1.030147700229471766e-03
1.030656415506306465e-03
1.033814881288685995e-03
1.033848070514742454e-03
1.031981404083045627e-03
1.029834508326875906e-03
1.041648249318296530e-03
1.039950192594473345e-03
1.041343549472854933e-03
1.046395434899429931e-03
1.050097683050078791e-03
1.047507422929205368e-03
1.056688076982474286e-03
1.058020440817232554e-03
1.060786635091804644e-03
1.060184215332517048e-03
1.061653233143894457e-03
1.061388648739110523e-03
1.057880593729665234e-03
1.054974110257699211e-03
1.054059491225483886e-03
1.058031423351028571e-03
1.059206937937322681e-03
1.058394639576794999e-03
1.058624560288674594e-03
1.056042103341840602e-03
1.052574183973909588e-03
1.050098617465308228e-03
1.049840877053744752e-03
1.050784701283084040e-03
1.048639753681964142e-03
1.053130749298122242e-03
1.049996393904456668e-03
1.060876728628123858e-03
1.060283635119336001e-03
1.057325585311803384e-03
1.056316976234526880e-03
1.053712313561523803e-03
1.051413896230637187e-03
1.048147293916481355e-03
1.049208885711668980e-03
1.051272056091231717e-03
1.050629275388487377e-03
1.048621753008030944e-03
1.045272682839592029e-03
1.044203852128413679e-03
1.044846306134344753e-03
1.058424448954112468e-03
1.058507080454230065e-03
1.056968670237586278e-03
1.056073757429037497e-03
1.052792029033325534e-03
1.050334137902540505e-03
1.047553177676481496e-03
1.048333316929069827e-03
1.049084005860521310e-03
1.047111215237582840e-03
1.044231136669480486e-03
1.042713902483957808e-03
1.039504821201015297e-03
1.046378664423834462e-03
1.044666544899686437e-03
1.044672168598927316e-03
1.043194608403914380e-03
1.046870498065114417e-03
1.044840704852405613e-03
1.047934279242464803e-03
1.047497018333775568e-03
1.057810451390679566e-03
1.059272174816250443e-03
1.055919859021097742e-03
1.053475524146929966e-03
1.052272314999251005e-03
1.051243022672898163e-03
1.054845636264644705e-03
1.052566523313268375e-03
1.052823443035319408e-03
1.054565690207506746e-03
1.051310587929396318e-03
1.048127087123549954e-03
1.044874596508929381e-03
1.042205729697382854e-03
1.040238759419166627e-03
1.048612641295230009e-03
1.048059350744455238e-03
1.048886409552621810e-03
1.048020312860181540e-03
1.047030780463704741e-03
1.045739778854620945e-03
1.044455415473807174e-03
1.043078363818555378e-03
1.045090028469606051e-03
1.061920813327245448e-03
1.066074258294714798e-03
1.075782497142738171e-03
1.074203855709592948e-03
1.074001783884627123e-03
1.072619545401308451e-03
1.073076115317324764e-03
1.078607683380288429e-03
1.075198462270691210e-03
1.071911558451788763e-03
1.069518509324919684e-03
1.068956387406121535e-03
1.077450163159921100e-03
1.077294274921084937e-03
1.074697652935202108e-03
1.072826782325336488e-03
1.070720941715280457e-03
1.069231638504783465e-03
1.067600179545766638e-03
1.067066993478730901e-03
1.064939475779887700e-03
1.063129113294019462e-03
1.061236385656407974e-03
1.063670640817376877e-03
1.060433116012504456e-03
1.062656677222806843e-03
1.063733762090015309e-03
1.061752026063120637e-03
1.060412978110660551e-03
1.059485125588618916e-03
1.061046967539449552e-03
1.061177943176611852e-03
1.058500613074832416e-03
1.055564106082453307e-03
1.053939644911575796e-03
1.051630677791106890e-03
1.049471880616064832e-03
1.048876823667214313e-03
1.046480968628779856e-03
1.043370547977989435e-03
1.049804948934060555e-03
1.051807354242673045e-03
1.056074399494156017e-03
1.052693011282647938e-03
1.050548313643960303e-03
1.047652236590917258e-03
1.045223041443636355e-03
1.045495021864744408e-03
1.046005731596165401e-03
1.046417371492016843e-03
1.043479157367998775e-03
1.042463130649016545e-03
1.039822394182309331e-03
1.037594431219176442e-03
1.044247591418016440e-03
1.044199454416497265e-03
1.044816601304889622e-03
1.042211427141776295e-03
1.042260668594812475e-03
1.041247860631099508e-03
1.038001100705626331e-03
1.037377084424732747e-03
1.037815638762242193e-03
1.036438480257949931e-03
1.034285111628263079e-03
1.031506576711207828e-03
1.036953292149057513e-03
1.039415192143361899e-03
1.039403326545386376e-03
1.036028141253716225e-03
1.033410113985345049e-03
1.030521967883388191e-03
1.027732797060291851e-03
1.025109664496147736e-03
1.021756141232183900e-03
1.023119265055404559e-03
1.021864212488421755e-03
1.021931727668946377e-03
1.021395470341555879e-03
1.021439136658462829e-03
1.021230943650639758e-03
1.022847272186891204e-03
1.026298420967047169e-03
1.031864610751203910e-03
1.029310389624390771e-03
1.032036384798174725e-03
1.035012397458239149e-03
1.032713377488427660e-03
1.029664435242544709e-03
1.027418312931803945e-03
1.024972674248674767e-03
1.024991194871701945e-03
1.021648988205566422e-03
1.020219974914632040e-03
1.017538429190495116e-03
1.015429882979614323e-03
1.014029985630341725e-03
1.012135151495248582e-03
1.009979268389612226e-03
1.006720972032011750e-03
1.007514790884828483e-03
1.005220088455976947e-03
1.002223876071746834e-03
9.989528335456656499e-04
9.968832971042720145e-04
9.956675670348732587e-04
9.924370384464824193e-04
9.986363617800334599e-04
9.954097621824493664e-04
9.944345986062778139e-04
9.912737181683656858e-04
9.882361653468349407e-04
9.914344716716175839e-04
9.890136356598478503e-04
9.928267793107281840e-04
9.898950266713404510e-04
9.894055565144333365e-04
9.871994262365428249e-04
9.842775222562636078e-04
9.831554698734102423e-04
9.809729640130155585e-04
9.786032154643770076e-04
9.755019277024299957e-04
9.774411153781264409e-04
9.765638064439204936e-04
9.743170477678231604e-04
9.762688842027784572e-04
9.731878597175301626e-04
9.712579215143716475e-04
9.710268149921318830e-04
9.679786565922858391e-04
9.663820051057417891e-04
9.657600477165890042e-04
9.687823350693501503e-04
9.660558843042722299e-04
9.633229005623735516e-04
9.647849747840093679e-04
9.645437932979492469e-04
9.625273470476280709e-04
9.684370675977537271e-04
9.660517567629320476e-04
9.657428517406483996e-04
9.633667270356182375e-04
9.636817058995715210e-04
9.616099186727264207e-04
9.609763351316395578e-04
9.607690603038137982e-04
9.597659456232122315e-04
9.588423501214832440e-04
9.650815732746666816e-04
9.636064126521455163e-04
9.639658601704890941e-04
9.614833958600847936e-04
9.604477609327944374e-04
9.582823638278416311e-04
9.562468117173442790e-04
9.531139936593259433e-04
9.565879287818652814e-04
9.548557405076609460e-04
9.517449563164515113e-04
9.496291610470368287e-04
9.473707526025279373e-04
9.447023907786628559e-04
9.446476705377031182e-04
9.445937373631156349e-04
9.434077544319294196e-04
9.455455489541492826e-04
9.430008392455522213e-04
9.401131417399945407e-04
9.387072609509660185e-04
9.373310744354324420e-04
9.349942344333665722e-04
9.361439197784894410e-04
9.333346990204965075e-04
9.314382220304170913e-04
9.318929046759127704e-04
9.289083795540284969e-04
9.265184711471280204e-04
9.255683536781860073e-04
9.241899455528978721e-04
9.268122420570593491e-04
9.268437903530145914e-04
9.249243335414163115e-04
9.245127871095611778e-04
9.216996441282536640e-04
9.201534050348882761e-04
9.174149715851633111e-04
9.144817190312305808e-04
9.118768462681163967e-04
9.093962105248103991e-04
9.080599077194648205e-04
9.114699977957693320e-04
9.086076010873220298e-04
9.060407956257296794e-04
9.059192799944802222e-04
9.034766724650054003e-04
9.013413839386036222e-04
9.015649591203899783e-04
8.988002873794388769e-04
8.969699984534075824e-04
8.946423793157584538e-04
8.964107018318410612e-04
8.963673682968586326e-04
8.941387373758683151e-04
8.945517258910594405e-04
8.959947217670415336e-04
8.992994572678469564e-04
8.982219365586388473e-04
8.960384308039514743e-04
8.954449317909430293e-04
8.932873932742025789e-04
8.962685486402900779e-04
8.973021079080305967e-04
8.944787359996314493e-04
8.918096666537010187e-04
8.891645339744465954e-04
8.863716725813407206e-04
8.858213793074697258e-04
8.847541713032859752e-04
8.851698352494039241e-04
8.825438446610951466e-04
8.799484585042231669e-04
8.772619637288659724e-04
8.769966286446374349e-04
8.767071533497085897e-04
8.740622909209931277e-04
8.732580515287773591e-04
8.732502171393927322e-04
8.721844832531921521e-04
8.701447655645611762e-04
8.695627694336702544e-04
8.693038342938473129e-04
8.686434138263086132e-04
8.664696435118426909e-04
8.649881032960733207e-04
8.622655292673281780e-04
8.597746286961522114e-04
8.572986256470232743e-04
8.567575711655546142e-04
8.541061903369939800e-04
8.526114121623694191e-04
8.501018298203538411e-04
8.494120730706851549e-04
8.495918047435430890e-04
8.468140263167910726e-04
8.456181158302297600e-04
8.468228097560981165e-04
8.441685961511107483e-04
8.422663507406585653e-04
8.397122671365370118e-04
8.384219532659556483e-04
8.371044973386757493e-04
8.349550845831551138e-04
8.323121460312493582e-04
8.324975376357612910e-04
8.308467736833976148e-04
8.284599717976318719e-04
8.260978805570304241e-04
8.249197532330626408e-04
8.246701481294221436e-04
8.230226015273042805e-04
8.230682909389720660e-04
8.219891068839765705e-04
8.205077309293410835e-04
8.179717833195632041e-04
8.169460507608081352e-04
8.149753356365717133e-04
8.139241737227928195e-04
8.121970601325243563e-04
8.101540612964415510e-04
8.075727951298359956e-04
8.055551842975608359e-04
8.037461886750924076e-04
8.011890519205367746e-04
8.001004225557649960e-04
7.990680483039978464e-04
7.975676581305671904e-04
7.979811892989327731e-04
8.047666145636717073e-04
8.023809910940759476e-04
8.002445748724780483e-04
7.983078356132121411e-04
7.964695369597350923e-04
7.943888300020324200e-04
7.934064679201595143e-04
7.940111766899225244e-04
7.930084556816692585e-04
7.911251175614350322e-04
7.889223721041541907e-04
7.863386107180782465e-04
7.841913101473285555e-04
7.816190257822065550e-04
7.820186320894418697e-04
7.800965312309510267e-04
7.778981940354634354e-04
7.757371725907558991e-04
7.741472658194093305e-04
7.727315577753177123e-04
7.718509671440641935e-04
7.694200775802291763e-04
7.708852462129088014e-04
7.698147983072638938e-04
7.687990967261467551e-04
7.662799280296601987e-04
7.638141134316924537e-04
7.648533468329307737e-04
7.633127282287970744e-04
7.612595228548526454e-04
7.589883877392473305e-04
7.568065589927380071e-04
7.544308295923324911e-04
7.531809627930034128e-04
7.512046172464805979e-04
7.488218476887511079e-04
7.471070975499241942e-04
7.465104770447310084e-04
7.470180406965393552e-04
7.454591914639750651e-04
7.437963934651870999e-04
7.467082594954171319e-04
7.456240874361037829e-04
7.448536580458745915e-04
7.425180110537845778e-04
7.411439020684266717e-04
7.393415244892085963e-04
7.387117800246853277e-04
7.397003267668950457e-04
7.379888738936849239e-04
7.365411776635817165e-04
7.347805712107581457e-04
7.333566173169788968e-04
7.316464747289936048e-04
7.292609177101562609e-04
7.313501190662946615e-04
7.298719225192013211e-04
7.305310724517436903e-04
7.287540092260172712e-04
7.263958391315786895e-04
7.258800679976561534e-04
7.261337428784309794e-04
7.254758106934556736e-04
7.237424460188037964e-04
7.227059521322758270e-04
7.213110741381119698e-04
7.202816627145397369e-04
7.183725490823224692e-04
7.164918225226110920e-04
7.149987392049611317e-04
7.131138297930957005e-04
7.180301500385328486e-04
7.162572636781988330e-04
7.143798718079805285e-04
7.130933836612018050e-04
7.117985678282183959e-04
7.108763083867200658e-04
7.096394318539997990e-04
7.081576777279659273e-04
7.064138434741937299e-04
7.065864548583726881e-04
7.048435017223472895e-04
7.032113008930004298e-04
7.016580549845147403e-04
7.028015374479672835e-04
7.013453611103622354e-04
6.995772853038319380e-04
7.007720739986779586e-04
6.984778167948230490e-04
6.967638719517385516e-04
6.944693213557055766e-04
6.921995666961917133e-04
6.900391048883361194e-04
6.882010078735705493e-04
6.871007978531675983e-04
6.850809553800543857e-04
6.832481077558954759e-04
6.824195543814417673e-04
6.811159652998576659e-04
6.794632672902605050e-04
6.778199177325267694e-04
6.761081602609040741e-04
6.799847395664453164e-04
6.786874975748471853e-04
6.792077616628180254e-04
6.789660788772104586e-04
6.768934189124028392e-04
6.755728826204987578e-04
6.734806673502125897e-04
6.713514570225700062e-04
6.711496602187446998e-04
6.883053318784645470e-04
7.186918712621494839e-04
1.161844874648222973e-03
1.112562089686909691e-03
6.930934816046611935e-04
1.128648369345492666e-03
6.818080306697066849e-04
7.020503572104961698e-04
1.024590849273628989e-03
1.129815251116470659e-03
6.864322491722490809e-04
7.080020903030128992e-04
8.703838997853292165e-04
7.786898964126104253e-04
8.676438180210595003e-04
8.616810845379887975e-04
7.360728110333042591e-04
6.853383530828150100e-04
6.944801781991438413e-04
1.117172873530626132e-03
7.804085684796917190e-04
7.606492061235445171e-04
6.739591981107538382e-04
9.382751524192973688e-04
1.022497814055393006e-03
1.104418924340221358e-03
6.881966647652615777e-04
8.270917574121285261e-04
9.168551816736878694e-04
1.018163251925190008e-03
1.157102834364745394e-03
1.009341046209512316e-03
1.099806507080558146e-03
7.146977502401333964e-04
1.008506477147760264e-03
8.103819498229073836e-04
7.802782893836326429e-04
9.647483443480884277e-04
6.859051599009478428e-04
1.155042978256054509e-03
7.978068626775114284e-04
8.545288189645358504e-04
8.778037427156858532e-04
8.165466581634292726e-04
7.731952250235529182e-04
7.158162428446802157e-04
7.490856533192547352e-04
8.394956433370081217e-04
7.224539611134736007e-04
7.603514269517236890e-04
6.866441186695662873e-04
7.801658078610657857e-04
7.745760305211955073e-04
6.804147682052036133e-04
9.770685691044150595e-04
9.247940363288925268e-04
7.559826799455781265e-04
1.025680694084964584e-03
1.014648109820871303e-03
8.670169114879986523e-04
1.030619341444976222e-03
7.066579032307690076e-04
6.809587828992187154e-04
1.062444581464382348e-03
9.075583579140129213e-04
7.912011937342254423e-04
1.146517279870551756e-03
8.680860448917531932e-04
1.027145943666392999e-03
8.689397648476090714e-04
7.514724556748023521e-04
8.297997325685991946e-04
6.847087047068330535e-04
8.296134468764517367e-04
7.004419433798133926e-04
1.153439991520119941e-03
8.261498766801202978e-04
7.708142882697808585e-04
1.054265059699158137e-03
8.016134721613257276e-04
9.491285169355754376e-04
7.549750883107114599e-04
9.598092759603479417e-04
9.856109797519937727e-04
1.012291810864706341e-03
6.768708225741410607e-04
6.892088093110249536e-04
1.165171669242285072e-03
8.025769561917032308e-04
6.939138433934748454e-04
9.596423175696316412e-04
6.906509810682079104e-04
7.097296575525306348e-04
8.029567739556531074e-04
8.127845684994376187e-04
7.397685690599212780e-04
9.129178046459902060e-04
8.631507006514022680e-04
7.010423977825523678e-04
9.845831792717235804e-04
7.300297852794707760e-04
9.599152713501556567e-04
7.687692571502662345e-04
7.812613052679592395e-04
9.098990038118578766e-04
6.837863300442829483e-04
8.784170554659222630e-04
9.511941190707117735e-04
1.035126818384663350e-03
7.398717929859300853e-04
7.405987505761003767e-04
9.014294113861127077e-04
1.214244590675972934e-03
7.769879453191732340e-04
7.216048408063421241e-04
6.850513091246134912e-04
7.989910368559061116e-04
8.328492793292415755e-04
1.147037990304567139e-03
9.693417008142373456e-04
1.060514074533657489e-03
9.440999631729055834e-04
6.915194497297261472e-04
7.113092902489630233e-04
7.381311871843433811e-04
7.011139270475525006e-04
1.081773822328081129e-03
7.943439976703998333e-04
9.295176091848828068e-04
8.764598223092733053e-04
8.517959523451735593e-04
8.008352876527660398e-04
7.222952744891647644e-04
1.131278393041536701e-03
8.191695168248577753e-04
6.810840344196332540e-04
7.276781415781312119e-04
9.320624086465607036e-04
8.921994067356012409e-04
9.618949321891780927e-04
7.789986486296288874e-04
6.776671682203321565e-04
1.160353619361335692e-03
7.457412711036648682e-04
1.229083048621293145e-03
1.061500000021592697e-03
7.620483434420104868e-04
1.165388473963730083e-03
1.138884575223102387e-03
7.886447915080554072e-04
1.108303184325167045e-03
9.419073404876879231e-04
9.760169232847363315e-04
8.870647141918473885e-04
7.182262771090246146e-04
8.048562558900605041e-04
7.167090236664068860e-04
8.882227015737607098e-04
6.816889318069359284e-04
6.856013905188387131e-04
8.394256638980955500e-04
6.979946451493494828e-04
9.730168806791116096e-04
9.731652256510210999e-04
9.944516052042271567e-04
7.027447968432395508e-04
1.024889210252518702e-03
9.446382904735444461e-04
7.197563408196456158e-04
7.886727900097532809e-04
6.885567467230529646e-04
8.484035778888068639e-04
8.878968135955851064e-04
1.086129853994653553e-03
7.272717026053899213e-04
7.258124347117035332e-04
7.973117646317180599e-04
9.282650129961612798e-04
7.824343062391529973e-04
6.806024418588354228e-04
7.394418036280118707e-04
1.005016484335684475e-03
1.003395588803535250e-03
1.023519441187015168e-03
8.986915978473305252e-04
9.074376272884653993e-04
1.054645136600732350e-03
9.300532507899633618e-04
1.079665738990209572e-03
7.171110437204109575e-04
7.004704743610753971e-04
7.102577606155941088e-04
9.569584082038791678e-04
9.312920907416626787e-04
8.111521171290766085e-04
7.907521973584380037e-04
8.313094615903318402e-04
8.221196603269737176e-04
7.307537926372381816e-04
6.808945851945184162e-04
1.079993402009918422e-03
6.846693436133776062e-04
9.348423196976524303e-04
6.730858444396182983e-04
9.334227416194139327e-04
1.011131868494781916e-03
1.046947103545528383e-03
7.614256766466539995e-04
7.810571741259582671e-04
1.021592719700583404e-03
6.848229360559092947e-04
1.207109294460826212e-03
8.979659204900453237e-04
6.762908861281993192e-04
1.055134240780494391e-03
7.551770335224545572e-04
9.768584090548717257e-04
9.731308242258171568e-04
7.740503749510258252e-04
8.636217630663245003e-04
7.523268629777011196e-04
7.532653588355393316e-04
8.217198406471548037e-04
1.014944644392911256e-03
6.753838000314355168e-04
7.322108328616534073e-04
7.523585556891772448e-04
8.096418237963039005e-04
1.082318390697861081e-03
1.115523561127396710e-03
6.891837431320798572e-04
7.986711401170610040e-04
6.816410311973655203e-04
6.847354249308432346e-04
7.501270032160895678e-04
9.941885265924048972e-04
8.980416566055607515e-04
7.320739494885358323e-04
9.719032203022328177e-04
1.063281311373359076e-03
9.305105638464886576e-04
7.533809469772493293e-04
7.325110285193972733e-04
1.082235296740110316e-03
1.060405909302331940e-03
7.262713898862133881e-04
9.887857573016647916e-04
8.309712604900917465e-04
9.760438860656611704e-04
1.064916026303061895e-03
6.752629011825660036e-04
9.512648853960343261e-04
6.859532906052151274e-04
8.614446728347195268e-04
7.203306806222398119e-04
1.158224210843997876e-03
7.205013663149110407e-04
1.011228731952827859e-03
1.126687531191150008e-03
7.003768771694111666e-04
6.740710688053255231e-04
1.103806129857255302e-03
1.083540770653680435e-03
7.008058649992143828e-04
7.732136225906844360e-04
7.197288739595458914e-04
9.167246280435510306e-04
8.096542343645342192e-04
9.286005767900492279e-04
7.094350998275553068e-04
7.755976526556980890e-04
1.048118209044383593e-03
1.048015644672525013e-03
8.261596187600291378e-04
7.069317370476354331e-04
7.573426855665537629e-04
9.698646973738171912e-04
7.326865280741125122e-04
7.042247023290606166e-04
8.316923363063614266e-04
1.022200480817234136e-03
6.861207024881237938e-04
9.224066579762878930e-04
7.827466516703997885e-04
8.582005621716255923e-04
9.852909576083057966e-04
1.121689417372045928e-03
8.305416706451730375e-04
6.832297103495562360e-04
7.464991036893493933e-04
1.039584151136349827e-03
1.053251836044829994e-03
7.520954777656137886e-04
6.948024057116230492e-04
8.661815789488174280e-04
1.092810221028264316e-03
9.444593143740078692e-04
8.245630966945020684e-04
9.025486545839344526e-04
8.010989911720985861e-04
