5.170000076293945312e+00
5.521560192108154297e+00
5.897029876708984375e+00
6.298034667968750000e+00
6.726305007934570312e+00
7.183694839477539062e+00
7.672189712524414062e+00
8.193900108337402344e+00
8.751085281372070312e+00
9.346164703369140625e+00
9.981695175170898438e+00
1.066044998168945312e+01
1.138539981842041016e+01
1.215959930419921875e+01
1.298645019531250000e+01
1.386954975128173828e+01
1.481264972686767578e+01
1.581989955902099609e+01
1.689569854736328125e+01
1.804465103149414062e+01
1.927169990539550781e+01
2.058214950561523438e+01
2.198170089721679688e+01
2.347650146484375000e+01
2.507295036315917969e+01
2.677790069580078125e+01
2.859880065917968750e+01
3.054354858398437500e+01
3.262049865722656250e+01
3.483869934082031250e+01
3.720774841308593750e+01
3.973789978027343750e+01
4.244010162353515625e+01
4.532600021362304688e+01
4.840819931030273438e+01
5.170000076293945312e+01
5.521559906005859375e+01
5.897029876708984375e+01
6.298035049438476562e+01
6.726304626464843750e+01
7.183694458007812500e+01
7.672184753417968750e+01
8.193894958496093750e+01
8.751084899902343750e+01
9.346164703369140625e+01
9.981694793701171875e+01
1.066044998168945312e+02
1.138540039062500000e+02
1.215960006713867188e+02
1.298645019531250000e+02
1.386954956054687500e+02
1.481264953613281250e+02
1.581990051269531250e+02
1.689570007324218750e+02
1.804465026855468750e+02
1.927170104980468750e+02
2.058215026855468750e+02
2.198170013427734375e+02
2.347649993896484375e+02
2.507294921875000000e+02
2.677789916992187500e+02
2.859880065917968750e+02
3.054354858398437500e+02
3.262050170898437500e+02
3.483869934082031250e+02
3.720775146484375000e+02
3.973790283203125000e+02
4.244010009765625000e+02
4.532600097656250000e+02
4.840820007324218750e+02
5.170000000000000000e+02
5.521560058593750000e+02
5.897030029296875000e+02
6.298029785156250000e+02
6.726300048828125000e+02
7.183695068359375000e+02
7.672185058593750000e+02
8.193895263671875000e+02
8.751085205078125000e+02
9.346164550781250000e+02
9.981694946289062500e+02
1.066044921875000000e+03
1.138540039062500000e+03
1.215959960937500000e+03
1.298645019531250000e+03
1.386955078125000000e+03
1.481265014648437500e+03
1.581989990234375000e+03
1.689570068359375000e+03
1.804465087890625000e+03
1.927170043945312500e+03
2.058214843750000000e+03
2.198169921875000000e+03
2.347649902343750000e+03
2.507294921875000000e+03
2.677790039062500000e+03
2.859879882812500000e+03
3.054354980468750000e+03
3.262050048828125000e+03
3.483870117187500000e+03
3.720774902343750000e+03
3.973790039062500000e+03
4.244009765625000000e+03
4.532604980468750000e+03
4.840825195312500000e+03
5.170000000000000000e+03
5.521560058593750000e+03
5.897030273437500000e+03
6.298030273437500000e+03
6.726299804687500000e+03
7.183695312500000000e+03
7.672185058593750000e+03
8.193894531250000000e+03
8.561166738281250218e+03
8.751084960937500000e+03
8.941003183593749782e+03
9.143330410156249854e+03
9.346165039062500000e+03
9.548999667968750146e+03
9.765079960937500800e+03
9.981695312500000000e+03
1.019831066406249920e+04
1.042908732421874993e+04
1.066045019531250000e+04
1.089181306640625007e+04
1.113829645507812529e+04
1.138540039062500000e+04
1.163250432617187471e+04
1.189573141601562565e+04
1.215959960937500000e+04
1.242346780273437435e+04
1.270459732421875015e+04
1.298645019531250000e+04
1.326830306640624985e+04
1.356855693359375073e+04
1.386954980468750000e+04
1.417054267578124927e+04
1.449119719726562471e+04
1.481265039062500000e+04
1.513410358398437529e+04
1.547656858398437544e+04
1.581990039062500000e+04
1.616323219726562456e+04
1.652900283203124854e+04
1.689569921875000000e+04
1.726239560546875146e+04
1.765302369140625160e+04
1.804460156250000000e+04
1.843617943359374840e+04
1.885335943359374869e+04
1.927160156250000000e+04
1.968984369140625131e+04
2.013541369140625102e+04
2.058210156250000000e+04
2.102878943359374898e+04
2.150465134765625044e+04
2.198169921875000000e+04
2.245874708984374956e+04
2.296697999999999956e+04
2.347650000000000000e+04
2.398602000000000044e+04
2.452879613281249840e+04
2.507290039062500000e+04
2.561700464843750160e+04
2.619668869140624884e+04
2.677785156250000000e+04
2.735901443359375116e+04
2.797813716796875087e+04
2.859880078125000000e+04
2.921946439453124913e+04
2.988066148437499942e+04
3.054350000000000000e+04
3.120633851562500058e+04
3.191250191406250087e+04
3.262045117187500000e+04
3.332840042968749913e+04
3.408260738281250087e+04
3.483870312500000000e+04
3.559479886718749913e+04
3.640027351562499825e+04
3.720775000000000000e+04
3.801522648437500175e+04
3.887547566406249825e+04
3.973789843750000000e+04
4.060032121093750175e+04
4.151907156250000116e+04
4.244010156250000000e+04
4.336113156249999884e+04
4.434233703124999738e+04
4.532600000000000000e+04
4.630966296875000262e+04
4.735761070312499942e+04
4.840819921875000000e+04
4.945878773437500058e+04
1.027895050048828125e+02
1.085245056152343750e+02
1.145794982910156250e+02
1.209720001220703125e+02
1.277214965820312500e+02
1.348475036621093750e+02
1.423710021972656250e+02
1.503144989013671875e+02
1.587009887695312500e+02
1.675554962158203125e+02
1.769039916992187500e+02
1.867740020751953125e+02
1.971945037841796875e+02
2.081965026855468750e+02
2.198125000000000000e+02
2.320765075683593750e+02
2.450249938964843750e+02
2.586954956054687500e+02
2.731284790039062500e+02
2.883674926757812500e+02
3.044564819335937500e+02
3.214429931640625000e+02
3.393775024414062500e+02
3.583120117187500000e+02
3.783030090332031250e+02
3.994100036621093750e+02
4.216945190429687500e+02
4.452219848632812500e+02
4.700625000000000000e+02
4.962885131835937500e+02
5.239774780273437500e+02
5.532120361328125000e+02
5.840775146484375000e+02
6.166650390625000000e+02
6.510704956054687500e+02
6.873959960937500000e+02
7.257479858398437500e+02
7.662395019531250000e+02
8.089904785156250000e+02
8.541264648437500000e+02
9.017810058593750000e+02
9.520939941406250000e+02
1.005211486816406250e+03
1.061294921875000000e+03
1.120510009765625000e+03
1.183025024414062500e+03
1.249030029296875000e+03
1.318719970703125000e+03
1.392294921875000000e+03
1.469974975585937500e+03
1.551989990234375000e+03
1.638580078125000000e+03
1.730000000000000000e+03
1.826520019531250000e+03
1.928429931640625000e+03
2.036025024414062500e+03
2.149620117187500000e+03
2.269554931640625000e+03
2.396179931640625000e+03
2.529870117187500000e+03
2.671020019531250000e+03
2.820044921875000000e+03
2.977379882812500000e+03
3.143495117187500000e+03
3.318879882812500000e+03
3.504049804687500000e+03
3.699554931640625000e+03
3.905964843750000000e+03
4.123890136718750000e+03
4.353975097656250000e+03
4.596895019531250000e+03
4.853370117187500000e+03
5.124155273437500000e+03
5.410044921875000000e+03
5.711884765625000000e+03
6.030570312500000000e+03
6.367035156250000000e+03
6.722270019531250000e+03
7.097330078125000000e+03
7.493310058593750000e+03
7.911379882812500000e+03
8.352779296875000000e+03
8.818810546875000000e+03
9.310839843750000000e+03
9.830314453125000000e+03
1.037879980468750000e+04
1.095784960937500000e+04
1.156920019531250000e+04
1.221470019531250000e+04
1.289620019531250000e+04
1.361570019531250000e+04
1.437534960937500000e+04
1.517740039062500000e+04
1.602419921875000000e+04
1.691825000000000000e+04
1.786215039062500000e+04
1.885875000000000000e+04
1.991094921875000000e+04
2.102185156250000000e+04
2.219475000000000000e+04
2.343305078125000000e+04
2.474040039062500000e+04
2.612075000000000000e+04
2.757814843750000000e+04
2.911680078125000000e+04
3.019066291015625029e+04
3.074130078125000000e+04
3.129193865234374971e+04
3.187508783203125131e+04
3.245644921875000000e+04
3.303781060546875233e+04
3.365350078124999709e+04
3.426730078125000000e+04
3.488110078125000291e+04
3.553112769531249796e+04
3.617914843750000000e+04
3.682716917968750204e+04
3.751347773437500291e+04
3.819769921875000000e+04
3.888192070312499709e+04
3.960652843749999738e+04
4.032889843750000000e+04
4.105126843750000262e+04
4.181628570312500233e+04
4.257894921875000000e+04
4.334161273437499767e+04
4.414931726562500262e+04
4.495455078125000000e+04
4.575978429687499738e+04
4.661255738281249796e+04
4.746270312500000000e+04
4.831284886718750204e+04
4.921318351562500175e+04
5.011075000000000000e+04
5.100831648437499825e+04
5.195890730468749825e+04
5.290660156250000000e+04
5.385429582031250175e+04
5.485792273437500262e+04
5.585844921875000000e+04
5.685897570312499738e+04
5.791858570312499796e+04
5.897494921875000000e+04
6.003131273437500204e+04
6.115005082031249913e+04
6.226535156250000000e+04
6.338065230468750087e+04
6.456179113281249738e+04
6.573929687500000000e+04
6.691680261718749534e+04
6.816383632812500582e+04
6.940704687500000000e+04
7.065025742187499418e+04
7.196687812500000291e+04
7.327945312500000000e+04
7.459202812499999709e+04
7.598211812499999360e+04
7.736795312500000000e+04
7.875378812500000640e+04
8.022144859374999942e+04
8.168460156250000000e+04
8.314775453125000058e+04
8.469728335937499651e+04
8.624204687500000000e+04
8.778681039062500349e+04
8.942279203125000640e+04
9.105375000000000000e+04
9.268470796874999360e+04
9.441195843749999767e+04
9.613389843750000000e+04
9.785583843750000233e+04
9.967944960937500582e+04
1.014974531250000000e+05
1.033154566406249942e+05
1.052408899999999994e+05
1.071605000000000000e+05
1.090801100000000006e+05
1.111129700000000012e+05
1.131395000000000000e+05
1.151660299999999988e+05
1.173121100000000006e+05
1.194515000000000000e+05
1.215908899999999994e+05
1.238568200000000070e+05
1.261160000000000000e+05
1.283751799999999930e+05
1.307675899999999965e+05
1.331525000000000000e+05
1.355374100000000035e+05
1.380632699999999895e+05
1.405815000000000000e+05
1.430997300000000105e+05
1.457665199999999895e+05
1.484250000000000000e+05
1.510834800000000105e+05
1.538990199999999895e+05
1.567060000000000000e+05
1.595129800000000105e+05
1.624856000000000058e+05
1.654490000000000000e+05
1.684123999999999942e+05
1.715509400000000023e+05
1.746800000000000000e+05
1.778090599999999977e+05
1.811227000000000116e+05
1.844260000000000000e+05
1.877292999999999884e+05
1.912277300000000105e+05
1.947155000000000000e+05
1.982032699999999895e+05
2.104616641998291016e+00
2.323045015335083008e+00
2.560467243194580078e+00
2.818109035491943359e+00
3.097229003906250000e+00
3.399114847183227539e+00
3.725077629089355469e+00
4.076447010040283203e+00
4.454565048217773438e+00
4.860776901245117188e+00
5.296428680419921875e+00
5.762852668762207031e+00
6.261363029479980469e+00
6.793244361877441406e+00
7.359741210937500000e+00
7.962049484252929688e+00
8.601301193237304688e+00
9.278556823730468750e+00
9.994790077209472656e+00
1.075087738037109375e+01
1.154758358001708984e+01
1.238554954528808594e+01
1.326528167724609375e+01
1.418713188171386719e+01
1.515129280090332031e+01
1.615778350830078125e+01
1.720643424987792969e+01
1.829687500000000000e+01
1.942853164672851562e+01
2.060060501098632812e+01
2.181207656860351562e+01
2.306168174743652344e+01
2.434792327880859375e+01
2.538805389404296875e+01
2.617541885375976562e+01
2.698559570312500000e+01
2.781919097900390625e+01
2.867682647705078125e+01
2.955913925170898438e+01
3.046678352355957031e+01
3.140042686462402344e+01
3.236075210571289062e+01
3.334846115112304688e+01
3.436426925659179688e+01
3.540890502929687500e+01
3.648312759399414062e+01
3.758769989013671875e+01
3.872340393066406250e+01
3.989104461669921875e+01
4.109144210815429688e+01
4.232544326782226562e+01
4.359390258789062500e+01
4.489770507812500000e+01
4.623774337768554688e+01
4.761493682861328125e+01
4.903023529052734375e+01
5.048458862304687500e+01
5.197898101806640625e+01
5.351441955566406250e+01
5.509193420410156250e+01
5.671257400512695312e+01
5.837740325927734375e+01
6.008752822875976562e+01
6.184406280517578125e+01
6.364815521240234375e+01
6.550096893310546875e+01
6.740370178222656250e+01
6.935757446289062500e+01
7.136383056640625000e+01
7.342374420166015625e+01
7.553861999511718750e+01
7.770977783203125000e+01
7.993856811523437500e+01
8.222639465332031250e+01
8.457465362548828125e+01
8.698478698730468750e+01
8.945828247070312500e+01
9.199662017822265625e+01
9.460134887695312500e+01
9.727402496337890625e+01
1.000162506103515625e+02
1.028296508789062500e+02
1.057158966064453125e+02
1.086766815185546875e+02
1.117137145996093750e+02
1.148287963867187500e+02
1.180236968994140625e+02
1.213002548217773438e+02
1.246603546142578125e+02
1.281058959960937500e+02
1.316388244628906250e+02
1.352611083984375000e+02
1.389748077392578125e+02
1.427819519042968750e+02
1.466846313476562500e+02
1.506850280761718750e+02
1.547852935791015625e+02
1.589876556396484375e+02
1.632943725585937500e+02
1.677077636718750000e+02
1.722301635742187500e+02
1.768639831542968750e+02
1.816116485595703125e+02
1.864756469726562500e+02
1.914584960937500000e+02
1.965627899169921875e+02
2.017911376953125000e+02
2.071461944580078125e+02
2.126307067871093750e+02
2.182474060058593750e+02
2.239991302490234375e+02
2.298887329101562500e+02
2.359191436767578125e+02
2.420933074951171875e+02
2.484142456054687500e+02
2.548850402832031250e+02
2.615087890625000000e+02
2.682886962890625000e+02
2.752279663085937500e+02
2.823298950195312500e+02
2.895978393554687500e+02
2.970351562500000000e+02
3.046453247070312500e+02
3.124318847656250000e+02
3.203983154296875000e+02
3.285483093261718750e+02
3.368855590820312500e+02
3.454137573242187500e+02
3.541367797851562500e+02
3.630584106445312500e+02
3.721826782226562500e+02
3.815134887695312500e+02
3.910549011230468750e+02
4.008110656738281250e+02
4.107861328125000000e+02
4.209843750000000000e+02
4.314100952148437500e+02
4.420676879882812500e+02
4.529615478515625000e+02
4.640961914062500000e+02
4.754762573242187500e+02
4.871062927246093750e+02
4.989910888671875000e+02
5.111353759765625000e+02
5.235440673828125000e+02
5.362219848632812500e+02
5.491741943359375000e+02
5.624057617187500000e+02
5.759217529296875000e+02
5.897275390625000000e+02
6.038281250000000000e+02
6.182291259765625000e+02
6.329358520507812500e+02
6.479537963867187500e+02
6.632885742187500000e+02
6.789457397460937500e+02
6.949311523437500000e+02
7.112504882812500000e+02
7.279097900390625000e+02
7.449147949218750000e+02
7.622716064453125000e+02
7.799864501953125000e+02
7.980653076171875000e+02
8.165146484375000000e+02
8.353406982421875000e+02
8.545498657226562500e+02
8.741486816406250000e+02
8.941436767578125000e+02
9.145415039062500000e+02
9.353489379882812500e+02
9.565727539062500000e+02
9.782198486328125000e+02
1.000297241210937500e+03
1.022812011718750000e+03
1.045771118164062500e+03
1.069181884765625000e+03
1.093051513671875000e+03
1.117387573242187500e+03
1.142197265625000000e+03
1.167488281250000000e+03
1.193268310546875000e+03
1.219544921875000000e+03
1.246325683593750000e+03
1.273618896484375000e+03
1.301432006835937500e+03
1.329773315429687500e+03
1.358650878906250000e+03
1.388072753906250000e+03
1.418047363281250000e+03
1.448582885742187500e+03
1.479687744140625000e+03
1.511370361328125000e+03
1.543639526367187500e+03
1.576503662109375000e+03
1.609971435546875000e+03
1.644051757812500000e+03
1.678753540039062500e+03
1.714085693359375000e+03
1.750057006835937500e+03
1.786676757812500000e+03
1.823954101562500000e+03
1.861898193359375000e+03
1.900518554687500000e+03
1.939824218750000000e+03
1.979824707031250000e+03
2.025069702148437500e+03
2.075837402343750000e+03
2.127877929687500000e+03
2.181223144531250000e+03
2.235905761718750000e+03
2.291959472656250000e+03
2.349417968750000000e+03
2.408316894531250000e+03
2.468692871093750000e+03
2.530582031250000000e+03
2.594022949218750000e+03
2.659054199218750000e+03
2.725715820312500000e+03
2.794048828125000000e+03
2.864094726562500000e+03
2.935896484375000000e+03
3.009498535156250000e+03
3.084945800781250000e+03
3.162284179687500000e+03
3.241561523437500000e+03
3.322826416015625000e+03
3.406128662109375000e+03
3.491519042968750000e+03
3.579050292968750000e+03
3.668776123046875000e+03
3.760750976562500000e+03
3.855031738281250000e+03
3.951676269531250000e+03
4.050743408203125000e+03
4.152293945312500000e+03
4.256390625000000000e+03
4.363097167968750000e+03
4.472478515625000000e+03
4.584602539062500000e+03
4.699536621093750000e+03
4.817352539062500000e+03
4.938122070312500000e+03
5.061918945312500000e+03
5.188819824218750000e+03
5.318901855468750000e+03
5.452245117187500000e+03
5.588930664062500000e+03
5.729043945312500000e+03
5.872668945312500000e+03
6.019894531250000000e+03
6.170811523437500000e+03
6.325511718750000000e+03
6.484089843750000000e+03
6.646644042968750000e+03
6.813273437500000000e+03
6.984080078125000000e+03
7.159168945312500000e+03
7.338646484375000000e+03
7.522624023437500000e+03
7.711213867187500000e+03
7.904531250000000000e+03
8.102695312500000000e+03
8.305827148437500000e+03
8.514051757812500000e+03
8.727496093750000000e+03
8.946291992187500000e+03
9.170572265625000000e+03
9.400475585937500000e+03
9.636142578125000000e+03
9.877716796875000000e+03
1.023647070312500000e+04
1.072059570312500000e+04
1.122761718750000000e+04
1.175861718750000000e+04
1.231473046875000000e+04
1.289714453125000000e+04
1.350710351562500000e+04
1.414591015625000000e+04
1.481492968750000000e+04
1.551558789062500000e+04
1.624938476562500000e+04
1.701788476562500000e+04
1.782273046875000000e+04
1.866564062500000000e+04
1.954841601562500000e+04
2.047294140625000000e+04
2.144119140625000000e+04
2.245523437500000000e+04
2.351723437500000000e+04
2.462946093750000000e+04
2.579428906250000000e+04
2.701420703125000000e+04
2.829182031250000000e+04
2.962985937500000000e+04
3.103117578125000000e+04
3.249876953125000000e+04
3.403576953125000000e+04
3.564546093750000000e+04
3.733128125000000000e+04
3.909683203125000000e+04
2.104616641998291016e+00
2.323045015335083008e+00
2.560467243194580078e+00
2.818109035491943359e+00
3.097229003906250000e+00
3.399114847183227539e+00
3.725077629089355469e+00
4.076447010040283203e+00
4.454565048217773438e+00
4.860776901245117188e+00
5.296428680419921875e+00
5.762852668762207031e+00
6.261363029479980469e+00
6.793244361877441406e+00
7.359741210937500000e+00
7.962049484252929688e+00
8.601301193237304688e+00
9.278556823730468750e+00
9.994790077209472656e+00
1.075087738037109375e+01
1.154758358001708984e+01
1.238554954528808594e+01
1.326528167724609375e+01
1.418713188171386719e+01
1.515129280090332031e+01
1.615778350830078125e+01
1.720643424987792969e+01
1.829687500000000000e+01
1.942853164672851562e+01
2.060060501098632812e+01
2.181207656860351562e+01
2.306168174743652344e+01
2.434792327880859375e+01
2.538805389404296875e+01
2.617541885375976562e+01
2.698559570312500000e+01
2.781919097900390625e+01
2.867682647705078125e+01
2.955913925170898438e+01
3.046678352355957031e+01
3.140042686462402344e+01
3.236075210571289062e+01
3.334846115112304688e+01
3.436426925659179688e+01
3.540890502929687500e+01
3.648312759399414062e+01
3.758769989013671875e+01
3.872340393066406250e+01
3.989104461669921875e+01
4.109144210815429688e+01
4.232544326782226562e+01
4.359390258789062500e+01
4.489770507812500000e+01
4.623774337768554688e+01
4.761493682861328125e+01
4.903023529052734375e+01
5.048458862304687500e+01
5.197898101806640625e+01
5.351441955566406250e+01
5.509193420410156250e+01
5.671257400512695312e+01
5.837740325927734375e+01
6.008752822875976562e+01
6.184406280517578125e+01
6.364815521240234375e+01
6.550096893310546875e+01
6.740370178222656250e+01
6.935757446289062500e+01
7.136383056640625000e+01
7.342374420166015625e+01
7.553861999511718750e+01
7.770977783203125000e+01
7.993856811523437500e+01
8.222639465332031250e+01
8.457465362548828125e+01
8.698478698730468750e+01
8.945828247070312500e+01
9.199662017822265625e+01
9.460134887695312500e+01
9.727402496337890625e+01
1.000162506103515625e+02
1.028296508789062500e+02
1.057158966064453125e+02
1.086766815185546875e+02
1.117137145996093750e+02
1.148287963867187500e+02
1.180236968994140625e+02
1.213002548217773438e+02
1.246603546142578125e+02
1.281058959960937500e+02
1.316388244628906250e+02
1.352611083984375000e+02
1.389748077392578125e+02
1.427819519042968750e+02
1.466846313476562500e+02
1.506850280761718750e+02
1.547852935791015625e+02
1.589876556396484375e+02
1.632943725585937500e+02
1.677077636718750000e+02
1.722301635742187500e+02
1.768639831542968750e+02
1.816116485595703125e+02
1.864756469726562500e+02
1.914584960937500000e+02
1.965627899169921875e+02
2.017911376953125000e+02
2.071461944580078125e+02
2.126307067871093750e+02
2.182474060058593750e+02
2.239991302490234375e+02
2.298887329101562500e+02
2.359191436767578125e+02
2.420933074951171875e+02
2.484142456054687500e+02
2.548850402832031250e+02
2.615087890625000000e+02
2.682886962890625000e+02
2.752279663085937500e+02
2.823298950195312500e+02
2.895978393554687500e+02
2.970351562500000000e+02
3.046453247070312500e+02
3.124318847656250000e+02
3.203983154296875000e+02
3.285483093261718750e+02
3.368855590820312500e+02
3.454137573242187500e+02
3.541367797851562500e+02
3.630584106445312500e+02
3.721826782226562500e+02
3.815134887695312500e+02
3.910549011230468750e+02
4.008110656738281250e+02
4.107861328125000000e+02
4.209843750000000000e+02
4.314100952148437500e+02
4.420676879882812500e+02
4.529615478515625000e+02
4.640961914062500000e+02
4.754762573242187500e+02
4.871062927246093750e+02
4.989910888671875000e+02
5.111353759765625000e+02
5.235440673828125000e+02
5.362219848632812500e+02
5.491741943359375000e+02
5.624057617187500000e+02
5.759217529296875000e+02
5.897275390625000000e+02
6.038281250000000000e+02
6.182291259765625000e+02
6.329358520507812500e+02
6.479537963867187500e+02
6.632885742187500000e+02
6.789457397460937500e+02
6.949311523437500000e+02
7.112504882812500000e+02
7.279097900390625000e+02
7.449147949218750000e+02
7.622716064453125000e+02
7.799864501953125000e+02
7.980653076171875000e+02
8.165146484375000000e+02
8.353406982421875000e+02
8.545498657226562500e+02
8.741486816406250000e+02
8.941436767578125000e+02
9.145415039062500000e+02
9.353489379882812500e+02
9.565727539062500000e+02
9.782198486328125000e+02
1.000297241210937500e+03
1.022812011718750000e+03
1.045771118164062500e+03
1.069181884765625000e+03
1.093051513671875000e+03
1.117387573242187500e+03
1.142197265625000000e+03
1.167488281250000000e+03
1.193268310546875000e+03
1.219544921875000000e+03
1.246325683593750000e+03
1.273618896484375000e+03
1.301432006835937500e+03
1.329773315429687500e+03
1.358650878906250000e+03
1.388072753906250000e+03
1.418047363281250000e+03
1.448582885742187500e+03
1.479687744140625000e+03
1.511370361328125000e+03
1.543639526367187500e+03
1.576503662109375000e+03
1.609971435546875000e+03
1.644051757812500000e+03
1.678753540039062500e+03
1.714085693359375000e+03
1.750057006835937500e+03
1.786676757812500000e+03
1.823954101562500000e+03
1.861898193359375000e+03
1.900518554687500000e+03
1.939824218750000000e+03
1.979824707031250000e+03
2.025069702148437500e+03
2.075837402343750000e+03
2.127877929687500000e+03
2.181223144531250000e+03
2.235905761718750000e+03
2.291959472656250000e+03
2.349417968750000000e+03
2.408316894531250000e+03
2.468692871093750000e+03
2.530582031250000000e+03
2.594022949218750000e+03
2.659054199218750000e+03
2.725715820312500000e+03
2.794048828125000000e+03
2.864094726562500000e+03
2.935896484375000000e+03
3.009498535156250000e+03
3.084945800781250000e+03
3.162284179687500000e+03
3.241561523437500000e+03
3.322826416015625000e+03
3.406128662109375000e+03
3.491519042968750000e+03
3.579050292968750000e+03
3.668776123046875000e+03
3.760750976562500000e+03
3.855031738281250000e+03
3.951676269531250000e+03
4.050743408203125000e+03
4.152293945312500000e+03
4.256390625000000000e+03
4.363097167968750000e+03
4.472478515625000000e+03
4.584602539062500000e+03
4.699536621093750000e+03
4.817352539062500000e+03
4.938122070312500000e+03
5.061918945312500000e+03
5.188819824218750000e+03
5.318901855468750000e+03
5.452245117187500000e+03
5.588930664062500000e+03
5.729043945312500000e+03
5.872668945312500000e+03
6.019894531250000000e+03
6.170811523437500000e+03
6.325511718750000000e+03
6.484089843750000000e+03
6.646644042968750000e+03
6.813273437500000000e+03
6.984080078125000000e+03
7.159168945312500000e+03
7.338646484375000000e+03
7.522624023437500000e+03
7.711213867187500000e+03
7.904531250000000000e+03
8.102695312500000000e+03
8.305827148437500000e+03
8.514051757812500000e+03
8.727496093750000000e+03
8.946291992187500000e+03
9.170572265625000000e+03
9.400475585937500000e+03
9.636142578125000000e+03
9.877716796875000000e+03
1.023647070312500000e+04
1.072059570312500000e+04
1.122761718750000000e+04
1.175861718750000000e+04
1.231473046875000000e+04
1.289714453125000000e+04
1.350710351562500000e+04
1.414591015625000000e+04
1.481492968750000000e+04
1.551558789062500000e+04
1.624938476562500000e+04
1.701788476562500000e+04
1.782273046875000000e+04
1.866564062500000000e+04
1.954841601562500000e+04
2.047294140625000000e+04
2.144119140625000000e+04
2.245523437500000000e+04
2.351723437500000000e+04
2.462946093750000000e+04
2.579428906250000000e+04
2.701420703125000000e+04
2.829182031250000000e+04
2.962985937500000000e+04
3.103117578125000000e+04
3.249876953125000000e+04
3.403576953125000000e+04
3.564546093750000000e+04
3.733128125000000000e+04
3.909683203125000000e+04
2.104616641998291016e+00
2.323045015335083008e+00
2.560467243194580078e+00
2.818109035491943359e+00
3.097229003906250000e+00
3.399114847183227539e+00
3.725077629089355469e+00
4.076447010040283203e+00
4.454565048217773438e+00
4.860776901245117188e+00
5.296428680419921875e+00
5.762852668762207031e+00
6.261363029479980469e+00
6.793244361877441406e+00
7.359741210937500000e+00
7.962049484252929688e+00
8.601301193237304688e+00
9.278556823730468750e+00
9.994790077209472656e+00
1.075087738037109375e+01
1.154758358001708984e+01
1.238554954528808594e+01
1.326528167724609375e+01
1.418713188171386719e+01
1.515129280090332031e+01
1.615778350830078125e+01
1.720643424987792969e+01
1.829687500000000000e+01
1.942853164672851562e+01
2.060060501098632812e+01
2.181207656860351562e+01
2.306168174743652344e+01
2.434792327880859375e+01
2.538805389404296875e+01
2.617541885375976562e+01
2.698559570312500000e+01
2.781919097900390625e+01
2.867682647705078125e+01
2.955913925170898438e+01
3.046678352355957031e+01
3.140042686462402344e+01
3.236075210571289062e+01
3.334846115112304688e+01
3.436426925659179688e+01
3.540890502929687500e+01
3.648312759399414062e+01
3.758769989013671875e+01
3.872340393066406250e+01
3.989104461669921875e+01
4.109144210815429688e+01
4.232544326782226562e+01
4.359390258789062500e+01
4.489770507812500000e+01
4.623774337768554688e+01
4.761493682861328125e+01
4.903023529052734375e+01
5.048458862304687500e+01
5.197898101806640625e+01
5.351441955566406250e+01
5.509193420410156250e+01
5.671257400512695312e+01
5.837740325927734375e+01
6.008752822875976562e+01
6.184406280517578125e+01
6.364815521240234375e+01
6.550096893310546875e+01
6.740370178222656250e+01
6.935757446289062500e+01
7.136383056640625000e+01
7.342374420166015625e+01
7.553861999511718750e+01
7.770977783203125000e+01
7.993856811523437500e+01
8.222639465332031250e+01
8.457465362548828125e+01
8.698478698730468750e+01
8.945828247070312500e+01
9.199662017822265625e+01
9.460134887695312500e+01
9.727402496337890625e+01
1.000162506103515625e+02
1.028296508789062500e+02
1.057158966064453125e+02
1.086766815185546875e+02
1.117137145996093750e+02
1.148287963867187500e+02
1.180236968994140625e+02
1.213002548217773438e+02
1.246603546142578125e+02
1.281058959960937500e+02
1.316388244628906250e+02
1.352611083984375000e+02
1.389748077392578125e+02
1.427819519042968750e+02
1.466846313476562500e+02
1.506850280761718750e+02
1.547852935791015625e+02
1.589876556396484375e+02
1.632943725585937500e+02
1.677077636718750000e+02
1.722301635742187500e+02
1.768639831542968750e+02
1.816116485595703125e+02
1.864756469726562500e+02
1.914584960937500000e+02
1.965627899169921875e+02
2.017911376953125000e+02
2.071461944580078125e+02
2.126307067871093750e+02
2.182474060058593750e+02
2.239991302490234375e+02
2.298887329101562500e+02
2.359191436767578125e+02
2.420933074951171875e+02
2.484142456054687500e+02
2.548850402832031250e+02
2.615087890625000000e+02
2.682886962890625000e+02
2.752279663085937500e+02
2.823298950195312500e+02
2.895978393554687500e+02
2.970351562500000000e+02
3.046453247070312500e+02
3.124318847656250000e+02
3.203983154296875000e+02
3.285483093261718750e+02
3.368855590820312500e+02
3.454137573242187500e+02
3.541367797851562500e+02
3.630584106445312500e+02
3.721826782226562500e+02
3.815134887695312500e+02
3.910549011230468750e+02
4.008110656738281250e+02
4.107861328125000000e+02
4.209843750000000000e+02
4.314100952148437500e+02
4.420676879882812500e+02
4.529615478515625000e+02
4.640961914062500000e+02
4.754762573242187500e+02
4.871062927246093750e+02
4.989910888671875000e+02
5.111353759765625000e+02
5.235440673828125000e+02
5.362219848632812500e+02
5.491741943359375000e+02
5.624057617187500000e+02
5.759217529296875000e+02
5.897275390625000000e+02
6.038281250000000000e+02
6.182291259765625000e+02
6.329358520507812500e+02
6.479537963867187500e+02
6.632885742187500000e+02
6.789457397460937500e+02
6.949311523437500000e+02
7.112504882812500000e+02
7.279097900390625000e+02
7.449147949218750000e+02
7.622716064453125000e+02
7.799864501953125000e+02
7.980653076171875000e+02
8.165146484375000000e+02
8.353406982421875000e+02
8.545498657226562500e+02
8.741486816406250000e+02
8.941436767578125000e+02
9.145415039062500000e+02
9.353489379882812500e+02
9.565727539062500000e+02
9.782198486328125000e+02
1.000297241210937500e+03
1.022812011718750000e+03
1.045771118164062500e+03
1.069181884765625000e+03
1.093051513671875000e+03
1.117387573242187500e+03
1.142197265625000000e+03
1.167488281250000000e+03
1.193268310546875000e+03
1.219544921875000000e+03
1.246325683593750000e+03
1.273618896484375000e+03
1.301432006835937500e+03
1.329773315429687500e+03
1.358650878906250000e+03
1.388072753906250000e+03
1.418047363281250000e+03
1.448582885742187500e+03
1.479687744140625000e+03
1.511370361328125000e+03
1.543639526367187500e+03
1.576503662109375000e+03
1.609971435546875000e+03
1.644051757812500000e+03
1.678753540039062500e+03
1.714085693359375000e+03
1.750057006835937500e+03
1.786676757812500000e+03
1.823954101562500000e+03
1.861898193359375000e+03
1.900518554687500000e+03
1.939824218750000000e+03
1.979824707031250000e+03
2.025069702148437500e+03
2.075837402343750000e+03
2.127877929687500000e+03
2.181223144531250000e+03
2.235905761718750000e+03
2.291959472656250000e+03
2.349417968750000000e+03
2.408316894531250000e+03
2.468692871093750000e+03
2.530582031250000000e+03
2.594022949218750000e+03
2.659054199218750000e+03
2.725715820312500000e+03
2.794048828125000000e+03
2.864094726562500000e+03
2.935896484375000000e+03
3.009498535156250000e+03
3.084945800781250000e+03
3.162284179687500000e+03
3.241561523437500000e+03
3.322826416015625000e+03
3.406128662109375000e+03
3.491519042968750000e+03
3.579050292968750000e+03
3.668776123046875000e+03
3.760750976562500000e+03
3.855031738281250000e+03
3.951676269531250000e+03
4.050743408203125000e+03
4.152293945312500000e+03
4.256390625000000000e+03
4.363097167968750000e+03
4.472478515625000000e+03
4.584602539062500000e+03
4.699536621093750000e+03
4.817352539062500000e+03
4.938122070312500000e+03
5.061918945312500000e+03
5.188819824218750000e+03
5.318901855468750000e+03
5.452245117187500000e+03
5.588930664062500000e+03
5.729043945312500000e+03
5.872668945312500000e+03
6.019894531250000000e+03
6.170811523437500000e+03
6.325511718750000000e+03
6.484089843750000000e+03
6.646644042968750000e+03
6.813273437500000000e+03
6.984080078125000000e+03
7.159168945312500000e+03
7.338646484375000000e+03
7.522624023437500000e+03
7.711213867187500000e+03
7.904531250000000000e+03
8.102695312500000000e+03
8.305827148437500000e+03
8.514051757812500000e+03
8.727496093750000000e+03
8.946291992187500000e+03
9.170572265625000000e+03
9.400475585937500000e+03
9.636142578125000000e+03
9.877716796875000000e+03
1.023647070312500000e+04
1.072059570312500000e+04
1.122761718750000000e+04
1.175861718750000000e+04
1.231473046875000000e+04
1.289714453125000000e+04
1.350710351562500000e+04
1.414591015625000000e+04
1.481492968750000000e+04
1.551558789062500000e+04
1.624938476562500000e+04
1.701788476562500000e+04
1.782273046875000000e+04
1.866564062500000000e+04
1.954841601562500000e+04
2.047294140625000000e+04
2.144119140625000000e+04
2.245523437500000000e+04
2.351723437500000000e+04
2.462946093750000000e+04
2.579428906250000000e+04
2.701420703125000000e+04
2.829182031250000000e+04
2.962985937500000000e+04
3.103117578125000000e+04
3.249876953125000000e+04
3.403576953125000000e+04
3.564546093750000000e+04
3.733128125000000000e+04
3.909683203125000000e+04
