5.000000000000000000e+00 5.340000152587890625e+00
5.340000152587890625e+00 5.703120231628417969e+00
5.703120231628417969e+00 6.090939998626708984e+00
6.090939998626708984e+00 6.505129814147949219e+00
6.505129814147949219e+00 6.947480201721191406e+00
6.947480201721191406e+00 7.419909954071044922e+00
7.419909954071044922e+00 7.924469947814941406e+00
7.924469947814941406e+00 8.463330268859863281e+00
8.463330268859863281e+00 9.038840293884277344e+00
9.038840293884277344e+00 9.653490066528320312e+00
9.653490066528320312e+00 1.030990028381347656e+01
1.030990028381347656e+01 1.101099967956542969e+01
1.101099967956542969e+01 1.175979995727539062e+01
1.175979995727539062e+01 1.255939960479736328e+01
1.255939960479736328e+01 1.341349983215332031e+01
1.341349983215332031e+01 1.432559967041015625e+01
1.432559967041015625e+01 1.529969978332519531e+01
1.529969978332519531e+01 1.634009933471679688e+01
1.634009933471679688e+01 1.745129966735839844e+01
1.745129966735839844e+01 1.863800048828125000e+01
1.863800048828125000e+01 1.990539932250976562e+01
1.990539932250976562e+01 2.125889968872070312e+01
2.125889968872070312e+01 2.270450019836425781e+01
2.270450019836425781e+01 2.424850082397460938e+01
2.424850082397460938e+01 2.589739990234375000e+01
2.589739990234375000e+01 2.765839958190917969e+01
2.765839958190917969e+01 2.953919982910156250e+01
2.953919982910156250e+01 3.154789924621582031e+01
3.154789924621582031e+01 3.369309997558593750e+01
3.369309997558593750e+01 3.598429870605468750e+01
3.598429870605468750e+01 3.843119812011718750e+01
3.843119812011718750e+01 4.104460144042968750e+01
4.104460144042968750e+01 4.383560180664062500e+01
4.383560180664062500e+01 4.681639862060546875e+01
4.681639862060546875e+01 5.000000000000000000e+01
5.000000000000000000e+01 5.340000152587890625e+01
5.340000152587890625e+01 5.703120040893554688e+01
5.703120040893554688e+01 6.090940093994140625e+01
6.090940093994140625e+01 6.505130004882812500e+01
6.505130004882812500e+01 6.947480010986328125e+01
6.947480010986328125e+01 7.419909667968750000e+01
7.419909667968750000e+01 7.924459838867187500e+01
7.924459838867187500e+01 8.463330078125000000e+01
8.463330078125000000e+01 9.038839721679687500e+01
9.038839721679687500e+01 9.653489685058593750e+01
9.653489685058593750e+01 1.030989990234375000e+02
1.030989990234375000e+02 1.101100006103515625e+02
1.101100006103515625e+02 1.175979995727539062e+02
1.175979995727539062e+02 1.255940017700195312e+02
1.255940017700195312e+02 1.341349945068359375e+02
1.341349945068359375e+02 1.432559967041015625e+02
1.432559967041015625e+02 1.529969940185546875e+02
1.529969940185546875e+02 1.634010009765625000e+02
1.634010009765625000e+02 1.745130004882812500e+02
1.745130004882812500e+02 1.863800048828125000e+02
1.863800048828125000e+02 1.990540008544921875e+02
1.990540008544921875e+02 2.125890045166015625e+02
2.125890045166015625e+02 2.270449981689453125e+02
2.270449981689453125e+02 2.424850006103515625e+02
2.424850006103515625e+02 2.589739990234375000e+02
2.589739990234375000e+02 2.765840148925781250e+02
2.765840148925781250e+02 2.953919982910156250e+02
2.953919982910156250e+02 3.154790039062500000e+02
3.154790039062500000e+02 3.369309997558593750e+02
3.369309997558593750e+02 3.598429870605468750e+02
3.598429870605468750e+02 3.843120117187500000e+02
3.843120117187500000e+02 4.104460144042968750e+02
4.104460144042968750e+02 4.383559875488281250e+02
4.383559875488281250e+02 4.681640014648437500e+02
4.681640014648437500e+02 5.000000000000000000e+02
5.000000000000000000e+02 5.340000000000000000e+02
5.340000000000000000e+02 5.703120117187500000e+02
5.703120117187500000e+02 6.090939941406250000e+02
6.090939941406250000e+02 6.505120239257812500e+02
6.505120239257812500e+02 6.947479858398437500e+02
6.947479858398437500e+02 7.419910278320312500e+02
7.419910278320312500e+02 7.924459838867187500e+02
7.924459838867187500e+02 8.463330078125000000e+02
8.463330078125000000e+02 9.038839721679687500e+02
9.038839721679687500e+02 9.653489990234375000e+02
9.653489990234375000e+02 1.030989990234375000e+03
1.030989990234375000e+03 1.101099975585937500e+03
1.101099975585937500e+03 1.175979980468750000e+03
1.175979980468750000e+03 1.255939941406250000e+03
1.255939941406250000e+03 1.341349975585937500e+03
1.341349975585937500e+03 1.432560058593750000e+03
1.432560058593750000e+03 1.529969970703125000e+03
1.529969970703125000e+03 1.634010009765625000e+03
1.634010009765625000e+03 1.745130004882812500e+03
1.745130004882812500e+03 1.863800048828125000e+03
1.863800048828125000e+03 1.990540039062500000e+03
1.990540039062500000e+03 2.125889892578125000e+03
2.125889892578125000e+03 2.270449951171875000e+03
2.270449951171875000e+03 2.424850097656250000e+03
2.424850097656250000e+03 2.589739990234375000e+03
2.589739990234375000e+03 2.765840087890625000e+03
2.765840087890625000e+03 2.953919921875000000e+03
2.953919921875000000e+03 3.154790039062500000e+03
3.154790039062500000e+03 3.369310058593750000e+03
3.369310058593750000e+03 3.598429931640625000e+03
3.598429931640625000e+03 3.843120117187500000e+03
3.843120117187500000e+03 4.104459960937500000e+03
4.104459960937500000e+03 4.383560058593750000e+03
4.383560058593750000e+03 4.681649902343750000e+03
4.681649902343750000e+03 5.000000000000000000e+03
5.000000000000000000e+03 5.340000000000000000e+03
5.340000000000000000e+03 5.703120117187500000e+03
5.703120117187500000e+03 6.090939941406250000e+03
6.090939941406250000e+03 6.505120117187500000e+03
6.505120117187500000e+03 6.947479980468750000e+03
6.947479980468750000e+03 7.419910156250000000e+03
7.419910156250000000e+03 7.924459960937500000e+03
7.924459960937500000e+03 8.463330078125000000e+03
8.463330078125000000e+03 9.038839843750000000e+03
9.038839843750000000e+03 9.653490234375000000e+03
9.653490234375000000e+03 1.030990039062500000e+04
1.030990039062500000e+04 1.101100000000000000e+04
1.101100000000000000e+04 1.175979980468750000e+04
1.175979980468750000e+04 1.255940039062500000e+04
1.255940039062500000e+04 1.341350000000000000e+04
1.341350000000000000e+04 1.432559960937500000e+04
1.432559960937500000e+04 1.529970019531250000e+04
1.529970019531250000e+04 1.634009960937500000e+04
1.634009960937500000e+04 1.745130078125000000e+04
1.745130078125000000e+04 1.863790039062500000e+04
1.863790039062500000e+04 1.990530078125000000e+04
1.990530078125000000e+04 2.125890039062500000e+04
2.125890039062500000e+04 2.270450000000000000e+04
2.270450000000000000e+04 2.424850000000000000e+04
2.424850000000000000e+04 2.589730078125000000e+04
2.589730078125000000e+04 2.765840039062500000e+04
2.765840039062500000e+04 2.953919921875000000e+04
2.953919921875000000e+04 3.154780078125000000e+04
3.154780078125000000e+04 3.369310156250000000e+04
3.369310156250000000e+04 3.598430078125000000e+04
3.598430078125000000e+04 3.843119921875000000e+04
3.843119921875000000e+04 4.104460156250000000e+04
4.104460156250000000e+04 4.383560156250000000e+04
4.383560156250000000e+04 4.681639843750000000e+04
4.681639843750000000e+04 5.000000000000000000e+04
1.000000000000000000e+02 1.055790023803710938e+02
1.055790023803710938e+02 1.114700012207031250e+02
1.114700012207031250e+02 1.176890029907226562e+02
1.176890029907226562e+02 1.242549972534179688e+02
1.242549972534179688e+02 1.311880035400390625e+02
1.311880035400390625e+02 1.385070037841796875e+02
1.385070037841796875e+02 1.462350006103515625e+02
1.462350006103515625e+02 1.543939971923828125e+02
1.543939971923828125e+02 1.630079956054687500e+02
1.630079956054687500e+02 1.721029968261718750e+02
1.721029968261718750e+02 1.817050018310546875e+02
1.817050018310546875e+02 1.918430023193359375e+02
1.918430023193359375e+02 2.025460052490234375e+02
2.025460052490234375e+02 2.138470001220703125e+02
2.138470001220703125e+02 2.257779998779296875e+02
2.257779998779296875e+02 2.383750000000000000e+02
2.383750000000000000e+02 2.516750030517578125e+02
2.516750030517578125e+02 2.657160034179687500e+02
2.657160034179687500e+02 2.805409851074218750e+02
2.805409851074218750e+02 2.961940002441406250e+02
2.961940002441406250e+02 3.127189941406250000e+02
3.127189941406250000e+02 3.301669921875000000e+02
3.301669921875000000e+02 3.485880126953125000e+02
3.485880126953125000e+02 3.680360107421875000e+02
3.680360107421875000e+02 3.885700073242187500e+02
3.885700073242187500e+02 4.102500000000000000e+02
4.102500000000000000e+02 4.331390075683593750e+02
4.331390075683593750e+02 4.573049926757812500e+02
4.573049926757812500e+02 4.828200073242187500e+02
4.828200073242187500e+02 5.097569885253906250e+02
5.097569885253906250e+02 5.381979980468750000e+02
5.381979980468750000e+02 5.682260131835937500e+02
5.682260131835937500e+02 5.999290161132812500e+02
5.999290161132812500e+02 6.334010009765625000e+02
6.334010009765625000e+02 6.687399902343750000e+02
6.687399902343750000e+02 7.060520019531250000e+02
7.060520019531250000e+02 7.454439697265625000e+02
7.454439697265625000e+02 7.870349731445312500e+02
7.870349731445312500e+02 8.309459838867187500e+02
8.309459838867187500e+02 8.773070068359375000e+02
8.773070068359375000e+02 9.262550048828125000e+02
9.262550048828125000e+02 9.779329833984375000e+02
9.779329833984375000e+02 1.032489990234375000e+03
1.032489990234375000e+03 1.090099975585937500e+03
1.090099975585937500e+03 1.150920043945312500e+03
1.150920043945312500e+03 1.215130004882812500e+03
1.215130004882812500e+03 1.282930053710937500e+03
1.282930053710937500e+03 1.354510009765625000e+03
1.354510009765625000e+03 1.430079956054687500e+03
1.430079956054687500e+03 1.509869995117187500e+03
1.509869995117187500e+03 1.594109985351562500e+03
1.594109985351562500e+03 1.683050048828125000e+03
1.683050048828125000e+03 1.776949951171875000e+03
1.776949951171875000e+03 1.876089965820312500e+03
1.876089965820312500e+03 1.980770019531250000e+03
1.980770019531250000e+03 2.091280029296875000e+03
2.091280029296875000e+03 2.207959960937500000e+03
2.207959960937500000e+03 2.331149902343750000e+03
2.331149902343750000e+03 2.461209960937500000e+03
2.461209960937500000e+03 2.598530029296875000e+03
2.598530029296875000e+03 2.743510009765625000e+03
2.743510009765625000e+03 2.896580078125000000e+03
2.896580078125000000e+03 3.058179931640625000e+03
3.058179931640625000e+03 3.228810058593750000e+03
3.228810058593750000e+03 3.408949951171875000e+03
3.408949951171875000e+03 3.599149902343750000e+03
3.599149902343750000e+03 3.799959960937500000e+03
3.799959960937500000e+03 4.011969970703125000e+03
4.011969970703125000e+03 4.235810058593750000e+03
4.235810058593750000e+03 4.472140136718750000e+03
4.472140136718750000e+03 4.721649902343750000e+03
4.721649902343750000e+03 4.985089843750000000e+03
4.985089843750000000e+03 5.263220214843750000e+03
5.263220214843750000e+03 5.556870117187500000e+03
5.556870117187500000e+03 5.866899902343750000e+03
5.866899902343750000e+03 6.194240234375000000e+03
6.194240234375000000e+03 6.539830078125000000e+03
6.539830078125000000e+03 6.904709960937500000e+03
6.904709960937500000e+03 7.289950195312500000e+03
7.289950195312500000e+03 7.696669921875000000e+03
7.696669921875000000e+03 8.126089843750000000e+03
8.126089843750000000e+03 8.579469726562500000e+03
8.579469726562500000e+03 9.058150390625000000e+03
9.058150390625000000e+03 9.563530273437500000e+03
9.563530273437500000e+03 1.009709960937500000e+04
1.009709960937500000e+04 1.066050000000000000e+04
1.066050000000000000e+04 1.125520019531250000e+04
1.125520019531250000e+04 1.188320019531250000e+04
1.188320019531250000e+04 1.254620019531250000e+04
1.254620019531250000e+04 1.324620019531250000e+04
1.324620019531250000e+04 1.398520019531250000e+04
1.398520019531250000e+04 1.476550000000000000e+04
1.476550000000000000e+04 1.558929980468750000e+04
1.558929980468750000e+04 1.645909960937500000e+04
1.645909960937500000e+04 1.737740039062500000e+04
1.737740039062500000e+04 1.834690039062500000e+04
1.834690039062500000e+04 1.937059960937500000e+04
1.937059960937500000e+04 2.045130078125000000e+04
2.045130078125000000e+04 2.159240039062500000e+04
2.159240039062500000e+04 2.279709960937500000e+04
2.279709960937500000e+04 2.406900000000000000e+04
2.406900000000000000e+04 2.541180078125000000e+04
2.541180078125000000e+04 2.682969921875000000e+04
2.682969921875000000e+04 2.832659960937500000e+04
2.832659960937500000e+04 2.990700000000000000e+04
2.990700000000000000e+04 3.157559960937500000e+04
3.157559960937500000e+04 3.333730078125000000e+04
3.333730078125000000e+04 3.519730078125000000e+04
3.519730078125000000e+04 3.716100000000000000e+04
3.716100000000000000e+04 3.923439843750000000e+04
3.923439843750000000e+04 4.142339843750000000e+04
4.142339843750000000e+04 4.373450000000000000e+04
4.373450000000000000e+04 4.617460156250000000e+04
4.617460156250000000e+04 4.875080078125000000e+04
4.875080078125000000e+04 5.147069921875000000e+04
5.147069921875000000e+04 5.434250000000000000e+04
5.434250000000000000e+04 5.737439843750000000e+04
5.737439843750000000e+04 6.057550000000000000e+04
6.057550000000000000e+04 6.395519921875000000e+04
6.395519921875000000e+04 6.752339843750000000e+04
6.752339843750000000e+04 7.129070312500000000e+04
7.129070312500000000e+04 7.526820312500000000e+04
7.526820312500000000e+04 7.946770312500000000e+04
7.946770312500000000e+04 8.390150000000000000e+04
8.390150000000000000e+04 8.858260156250000000e+04
8.858260156250000000e+04 9.352489843750000000e+04
9.352489843750000000e+04 9.874289843750000000e+04
9.874289843750000000e+04 1.042520000000000000e+05
1.042520000000000000e+05 1.100690000000000000e+05
1.100690000000000000e+05 1.162100000000000000e+05
1.162100000000000000e+05 1.226930000000000000e+05
1.226930000000000000e+05 1.295390000000000000e+05
1.295390000000000000e+05 1.367660000000000000e+05
1.367660000000000000e+05 1.443970000000000000e+05
1.443970000000000000e+05 1.524530000000000000e+05
1.524530000000000000e+05 1.609590000000000000e+05
1.609590000000000000e+05 1.699390000000000000e+05
1.699390000000000000e+05 1.794210000000000000e+05
1.794210000000000000e+05 1.894310000000000000e+05
1.894310000000000000e+05 2.000000000000000000e+05
2.000000000000000000e+00 2.209233522415161133e+00
2.209233522415161133e+00 2.436856508255004883e+00
2.436856508255004883e+00 2.684077739715576172e+00
2.684077739715576172e+00 2.952140092849731445e+00
2.952140092849731445e+00 3.242317914962768555e+00
3.242317914962768555e+00 3.555911779403686523e+00
3.555911779403686523e+00 3.894243478775024414e+00
3.894243478775024414e+00 4.258650779724121094e+00
4.258650779724121094e+00 4.650478839874267578e+00
4.650478839874267578e+00 5.071075439453125000e+00
5.071075439453125000e+00 5.521781444549560547e+00
5.521781444549560547e+00 6.003923416137695312e+00
6.003923416137695312e+00 6.518802642822265625e+00
6.518802642822265625e+00 7.067686080932617188e+00
7.067686080932617188e+00 7.651796817779541016e+00
7.651796817779541016e+00 8.272301673889160156e+00
8.272301673889160156e+00 8.930300712585449219e+00
8.930300712585449219e+00 9.626812934875488281e+00
9.626812934875488281e+00 1.036276721954345703e+01
1.036276721954345703e+01 1.113898754119873047e+01
1.113898754119873047e+01 1.195617961883544922e+01
1.195617961883544922e+01 1.281492042541503906e+01
1.281492042541503906e+01 1.371564197540283203e+01
1.371564197540283203e+01 1.465862083435058594e+01
1.465862083435058594e+01 1.564396572113037109e+01
1.564396572113037109e+01 1.667160224914550781e+01
1.667160224914550781e+01 1.774126625061035156e+01
1.774126625061035156e+01 1.885248565673828125e+01
1.885248565673828125e+01 2.000457763671875000e+01
2.000457763671875000e+01 2.119663429260253906e+01
2.119663429260253906e+01 2.242751693725585938e+01
2.242751693725585938e+01 2.369584655761718750e+01
2.369584655761718750e+01 2.500000000000000000e+01
2.500000000000000000e+01 2.577610969543457031e+01
2.577610969543457031e+01 2.657472991943359375e+01
2.657472991943359375e+01 2.739646148681640625e+01
2.739646148681640625e+01 2.824191856384277344e+01
2.824191856384277344e+01 2.911173248291015625e+01
2.911173248291015625e+01 3.000654602050781250e+01
3.000654602050781250e+01 3.092702102661132812e+01
3.092702102661132812e+01 3.187383270263671875e+01
3.187383270263671875e+01 3.284767150878906250e+01
3.284767150878906250e+01 3.384925079345703125e+01
3.384925079345703125e+01 3.487928771972656250e+01
3.487928771972656250e+01 3.593852615356445312e+01
3.593852615356445312e+01 3.702772903442382812e+01
3.702772903442382812e+01 3.814766693115234375e+01
3.814766693115234375e+01 3.929913711547851562e+01
3.929913711547851562e+01 4.048294830322265625e+01
4.048294830322265625e+01 4.169993591308593750e+01
4.169993591308593750e+01 4.295095062255859375e+01
4.295095062255859375e+01 4.423685836791992188e+01
4.423685836791992188e+01 4.555855178833007812e+01
4.555855178833007812e+01 4.691693496704101562e+01
4.691693496704101562e+01 4.831294250488281250e+01
4.831294250488281250e+01 4.974752426147460938e+01
4.974752426147460938e+01 5.122164916992187500e+01
5.122164916992187500e+01 5.273631286621093750e+01
5.273631286621093750e+01 5.429253005981445312e+01
5.429253005981445312e+01 5.589134216308593750e+01
5.589134216308593750e+01 5.753380584716796875e+01
5.753380584716796875e+01 5.922100448608398438e+01
5.922100448608398438e+01 6.095405197143554688e+01
6.095405197143554688e+01 6.273407363891601562e+01
6.273407363891601562e+01 6.456223297119140625e+01
6.456223297119140625e+01 6.643970489501953125e+01
6.643970489501953125e+01 6.836769866943359375e+01
6.836769866943359375e+01 7.034745025634765625e+01
7.034745025634765625e+01 7.238021087646484375e+01
7.238021087646484375e+01 7.446727752685546875e+01
7.446727752685546875e+01 7.660995483398437500e+01
7.660995483398437500e+01 7.880959320068359375e+01
7.880959320068359375e+01 8.106755065917968750e+01
8.106755065917968750e+01 8.338523864746093750e+01
8.338523864746093750e+01 8.576406860351562500e+01
8.576406860351562500e+01 8.820551300048828125e+01
8.820551300048828125e+01 9.071104431152343750e+01
9.071104431152343750e+01 9.328219604492187500e+01
9.328219604492187500e+01 9.592050170898437500e+01
9.592050170898437500e+01 9.862754821777343750e+01
9.862754821777343750e+01 1.014049530029296875e+02
1.014049530029296875e+02 1.042543563842773438e+02
1.042543563842773438e+02 1.071774444580078125e+02
1.071774444580078125e+02 1.101759109497070312e+02
1.101759109497070312e+02 1.132515258789062500e+02
1.132515258789062500e+02 1.164060592651367188e+02
1.164060592651367188e+02 1.196413269042968750e+02
1.196413269042968750e+02 1.229591827392578125e+02
1.229591827392578125e+02 1.263615188598632812e+02
1.263615188598632812e+02 1.298502655029296875e+02
1.298502655029296875e+02 1.334273681640625000e+02
1.334273681640625000e+02 1.370948638916015625e+02
1.370948638916015625e+02 1.408547515869140625e+02
1.408547515869140625e+02 1.447091369628906250e+02
1.447091369628906250e+02 1.486601409912109375e+02
1.486601409912109375e+02 1.527099151611328125e+02
1.527099151611328125e+02 1.568606719970703125e+02
1.568606719970703125e+02 1.611146392822265625e+02
1.611146392822265625e+02 1.654741210937500000e+02
1.654741210937500000e+02 1.699414215087890625e+02
1.699414215087890625e+02 1.745189208984375000e+02
1.745189208984375000e+02 1.792090454101562500e+02
1.792090454101562500e+02 1.840142517089843750e+02
1.840142517089843750e+02 1.889370422363281250e+02
1.889370422363281250e+02 1.939799652099609375e+02
1.939799652099609375e+02 1.991456146240234375e+02
1.991456146240234375e+02 2.044366455078125000e+02
2.044366455078125000e+02 2.098557434082031250e+02
2.098557434082031250e+02 2.154056549072265625e+02
2.154056549072265625e+02 2.210891571044921875e+02
2.210891571044921875e+02 2.269091033935546875e+02
2.269091033935546875e+02 2.328683776855468750e+02
2.328683776855468750e+02 2.389699096679687500e+02
2.389699096679687500e+02 2.452167053222656250e+02
2.452167053222656250e+02 2.516118011474609375e+02
2.516118011474609375e+02 2.581582946777343750e+02
2.581582946777343750e+02 2.648593139648437500e+02
2.648593139648437500e+02 2.717180786132812500e+02
2.717180786132812500e+02 2.787378540039062500e+02
2.787378540039062500e+02 2.859219360351562500e+02
2.859219360351562500e+02 2.932737121582031250e+02
2.932737121582031250e+02 3.007966003417968750e+02
3.007966003417968750e+02 3.084940795898437500e+02
3.084940795898437500e+02 3.163696594238281250e+02
3.163696594238281250e+02 3.244269714355468750e+02
3.244269714355468750e+02 3.326696472167968750e+02
3.326696472167968750e+02 3.411014404296875000e+02
3.411014404296875000e+02 3.497261047363281250e+02
3.497261047363281250e+02 3.585474548339843750e+02
3.585474548339843750e+02 3.675693969726562500e+02
3.675693969726562500e+02 3.767959289550781250e+02
3.767959289550781250e+02 3.862310180664062500e+02
3.862310180664062500e+02 3.958787841796875000e+02
3.958787841796875000e+02 4.057433471679687500e+02
4.057433471679687500e+02 4.158289489746093750e+02
4.158289489746093750e+02 4.261398315429687500e+02
4.261398315429687500e+02 4.366803894042968750e+02
4.366803894042968750e+02 4.474549865722656250e+02
4.474549865722656250e+02 4.584681091308593750e+02
4.584681091308593750e+02 4.697243041992187500e+02
4.697243041992187500e+02 4.812281799316406250e+02
4.812281799316406250e+02 4.929844055175781250e+02
4.929844055175781250e+02 5.049977416992187500e+02
5.049977416992187500e+02 5.172730102539062500e+02
5.172730102539062500e+02 5.298150634765625000e+02
5.298150634765625000e+02 5.426289062500000000e+02
5.426289062500000000e+02 5.557194824218750000e+02
5.557194824218750000e+02 5.690919799804687500e+02
5.690919799804687500e+02 5.827515869140625000e+02
5.827515869140625000e+02 5.967034301757812500e+02
5.967034301757812500e+02 6.109528808593750000e+02
6.109528808593750000e+02 6.255053710937500000e+02
6.255053710937500000e+02 6.403663330078125000e+02
6.403663330078125000e+02 6.555412597656250000e+02
6.555412597656250000e+02 6.710358276367187500e+02
6.710358276367187500e+02 6.868556518554687500e+02
6.868556518554687500e+02 7.030065917968750000e+02
7.030065917968750000e+02 7.194944458007812500e+02
7.194944458007812500e+02 7.363250732421875000e+02
7.363250732421875000e+02 7.535044555664062500e+02
7.535044555664062500e+02 7.710387573242187500e+02
7.710387573242187500e+02 7.889340820312500000e+02
7.889340820312500000e+02 8.071965942382812500e+02
8.071965942382812500e+02 8.258327026367187500e+02
8.258327026367187500e+02 8.448486938476562500e+02
8.448486938476562500e+02 8.642510375976562500e+02
8.642510375976562500e+02 8.840462646484375000e+02
8.840462646484375000e+02 9.042410278320312500e+02
9.042410278320312500e+02 9.248419799804687500e+02
9.248419799804687500e+02 9.458558959960937500e+02
9.458558959960937500e+02 9.672896118164062500e+02
9.672896118164062500e+02 9.891501464843750000e+02
9.891501464843750000e+02 1.011444396972656250e+03
1.011444396972656250e+03 1.034179565429687500e+03
1.034179565429687500e+03 1.057362670898437500e+03
1.057362670898437500e+03 1.081001098632812500e+03
1.081001098632812500e+03 1.105102050781250000e+03
1.105102050781250000e+03 1.129673095703125000e+03
1.129673095703125000e+03 1.154721557617187500e+03
1.154721557617187500e+03 1.180255126953125000e+03
1.180255126953125000e+03 1.206281494140625000e+03
1.206281494140625000e+03 1.232808227539062500e+03
1.232808227539062500e+03 1.259843261718750000e+03
1.259843261718750000e+03 1.287394409179687500e+03
1.287394409179687500e+03 1.315469604492187500e+03
1.315469604492187500e+03 1.344077026367187500e+03
1.344077026367187500e+03 1.373224731445312500e+03
1.373224731445312500e+03 1.402920898437500000e+03
1.402920898437500000e+03 1.433173828125000000e+03
1.433173828125000000e+03 1.463991943359375000e+03
1.463991943359375000e+03 1.495383544921875000e+03
1.495383544921875000e+03 1.527357299804687500e+03
1.527357299804687500e+03 1.559921752929687500e+03
1.559921752929687500e+03 1.593085571289062500e+03
1.593085571289062500e+03 1.626857421875000000e+03
1.626857421875000000e+03 1.661246215820312500e+03
1.661246215820312500e+03 1.696260864257812500e+03
1.696260864257812500e+03 1.731910400390625000e+03
1.731910400390625000e+03 1.768203613281250000e+03
1.768203613281250000e+03 1.805149902343750000e+03
1.805149902343750000e+03 1.842758300781250000e+03
1.842758300781250000e+03 1.881038208007812500e+03
1.881038208007812500e+03 1.919998779296875000e+03
1.919998779296875000e+03 1.959649536132812500e+03
1.959649536132812500e+03 2.000000000000000000e+03
2.000000000000000000e+03 2.050139404296875000e+03
2.050139404296875000e+03 2.101535644531250000e+03
2.101535644531250000e+03 2.154220458984375000e+03
2.154220458984375000e+03 2.208226074218750000e+03
2.208226074218750000e+03 2.263585693359375000e+03
2.263585693359375000e+03 2.320333007812500000e+03
2.320333007812500000e+03 2.378502929687500000e+03
2.378502929687500000e+03 2.438131103515625000e+03
2.438131103515625000e+03 2.499254394531250000e+03
2.499254394531250000e+03 2.561909912109375000e+03
2.561909912109375000e+03 2.626135986328125000e+03
2.626135986328125000e+03 2.691972412109375000e+03
2.691972412109375000e+03 2.759459228515625000e+03
2.759459228515625000e+03 2.828638183593750000e+03
2.828638183593750000e+03 2.899551025390625000e+03
2.899551025390625000e+03 2.972241943359375000e+03
2.972241943359375000e+03 3.046755126953125000e+03
3.046755126953125000e+03 3.123136230468750000e+03
3.123136230468750000e+03 3.201432128906250000e+03
3.201432128906250000e+03 3.281690917968750000e+03
3.281690917968750000e+03 3.363961914062500000e+03
3.363961914062500000e+03 3.448295410156250000e+03
3.448295410156250000e+03 3.534742919921875000e+03
3.534742919921875000e+03 3.623357910156250000e+03
3.623357910156250000e+03 3.714194335937500000e+03
3.714194335937500000e+03 3.807307861328125000e+03
3.807307861328125000e+03 3.902755859375000000e+03
3.902755859375000000e+03 4.000596679687500000e+03
4.000596679687500000e+03 4.100890136718750000e+03
4.100890136718750000e+03 4.203698242187500000e+03
4.203698242187500000e+03 4.309083496093750000e+03
4.309083496093750000e+03 4.417110839843750000e+03
4.417110839843750000e+03 4.527846679687500000e+03
4.527846679687500000e+03 4.641357910156250000e+03
4.641357910156250000e+03 4.757715332031250000e+03
4.757715332031250000e+03 4.876989746093750000e+03
4.876989746093750000e+03 4.999254394531250000e+03
4.999254394531250000e+03 5.124583984375000000e+03
5.124583984375000000e+03 5.253055664062500000e+03
5.253055664062500000e+03 5.384748046875000000e+03
5.384748046875000000e+03 5.519741699218750000e+03
5.519741699218750000e+03 5.658120117187500000e+03
5.658120117187500000e+03 5.799967285156250000e+03
5.799967285156250000e+03 5.945370605468750000e+03
5.945370605468750000e+03 6.094418945312500000e+03
6.094418945312500000e+03 6.247204101562500000e+03
6.247204101562500000e+03 6.403819335937500000e+03
6.403819335937500000e+03 6.564360839843750000e+03
6.564360839843750000e+03 6.728927246093750000e+03
6.728927246093750000e+03 6.897619628906250000e+03
6.897619628906250000e+03 7.070540527343750000e+03
7.070540527343750000e+03 7.247796875000000000e+03
7.247796875000000000e+03 7.429496582031250000e+03
7.429496582031250000e+03 7.615751464843750000e+03
7.615751464843750000e+03 7.806675781250000000e+03
7.806675781250000000e+03 8.002386718750000000e+03
8.002386718750000000e+03 8.203003906250000000e+03
8.203003906250000000e+03 8.408650390625000000e+03
8.408650390625000000e+03 8.619453125000000000e+03
8.619453125000000000e+03 8.835540039062500000e+03
8.835540039062500000e+03 9.057043945312500000e+03
9.057043945312500000e+03 9.284100585937500000e+03
9.284100585937500000e+03 9.516850585937500000e+03
9.516850585937500000e+03 9.755434570312500000e+03
9.755434570312500000e+03 1.000000000000000000e+04
1.000000000000000000e+04 1.047294140625000000e+04
1.047294140625000000e+04 1.096825000000000000e+04
1.096825000000000000e+04 1.148698339843750000e+04
1.148698339843750000e+04 1.203025000000000000e+04
1.203025000000000000e+04 1.259921093750000000e+04
1.259921093750000000e+04 1.319507910156250000e+04
1.319507910156250000e+04 1.381912890625000000e+04
1.381912890625000000e+04 1.447269238281250000e+04
1.447269238281250000e+04 1.515716601562500000e+04
1.515716601562500000e+04 1.587401074218750000e+04
1.587401074218750000e+04 1.662475781250000000e+04
1.662475781250000000e+04 1.741101171875000000e+04
1.741101171875000000e+04 1.823444921875000000e+04
1.823444921875000000e+04 1.909683203125000000e+04
1.909683203125000000e+04 2.000000000000000000e+04
2.000000000000000000e+04 2.094588281250000000e+04
2.094588281250000000e+04 2.193650000000000000e+04
2.193650000000000000e+04 2.297396679687500000e+04
2.297396679687500000e+04 2.406050000000000000e+04
2.406050000000000000e+04 2.519842187500000000e+04
2.519842187500000000e+04 2.639015820312500000e+04
2.639015820312500000e+04 2.763825781250000000e+04
2.763825781250000000e+04 2.894538476562500000e+04
2.894538476562500000e+04 3.031433203125000000e+04
3.031433203125000000e+04 3.174802148437500000e+04
3.174802148437500000e+04 3.324951562500000000e+04
3.324951562500000000e+04 3.482202343750000000e+04
3.482202343750000000e+04 3.646889843750000000e+04
3.646889843750000000e+04 3.819366406250000000e+04
3.819366406250000000e+04 4.000000000000000000e+04
2.000000000000000000e+00 2.209233522415161133e+00
2.209233522415161133e+00 2.436856508255004883e+00
2.436856508255004883e+00 2.684077739715576172e+00
2.684077739715576172e+00 2.952140092849731445e+00
2.952140092849731445e+00 3.242317914962768555e+00
3.242317914962768555e+00 3.555911779403686523e+00
3.555911779403686523e+00 3.894243478775024414e+00
3.894243478775024414e+00 4.258650779724121094e+00
4.258650779724121094e+00 4.650478839874267578e+00
4.650478839874267578e+00 5.071075439453125000e+00
5.071075439453125000e+00 5.521781444549560547e+00
5.521781444549560547e+00 6.003923416137695312e+00
6.003923416137695312e+00 6.518802642822265625e+00
6.518802642822265625e+00 7.067686080932617188e+00
7.067686080932617188e+00 7.651796817779541016e+00
7.651796817779541016e+00 8.272301673889160156e+00
8.272301673889160156e+00 8.930300712585449219e+00
8.930300712585449219e+00 9.626812934875488281e+00
9.626812934875488281e+00 1.036276721954345703e+01
1.036276721954345703e+01 1.113898754119873047e+01
1.113898754119873047e+01 1.195617961883544922e+01
1.195617961883544922e+01 1.281492042541503906e+01
1.281492042541503906e+01 1.371564197540283203e+01
1.371564197540283203e+01 1.465862083435058594e+01
1.465862083435058594e+01 1.564396572113037109e+01
1.564396572113037109e+01 1.667160224914550781e+01
1.667160224914550781e+01 1.774126625061035156e+01
1.774126625061035156e+01 1.885248565673828125e+01
1.885248565673828125e+01 2.000457763671875000e+01
2.000457763671875000e+01 2.119663429260253906e+01
2.119663429260253906e+01 2.242751693725585938e+01
2.242751693725585938e+01 2.369584655761718750e+01
2.369584655761718750e+01 2.500000000000000000e+01
2.500000000000000000e+01 2.577610969543457031e+01
2.577610969543457031e+01 2.657472991943359375e+01
2.657472991943359375e+01 2.739646148681640625e+01
2.739646148681640625e+01 2.824191856384277344e+01
2.824191856384277344e+01 2.911173248291015625e+01
2.911173248291015625e+01 3.000654602050781250e+01
3.000654602050781250e+01 3.092702102661132812e+01
3.092702102661132812e+01 3.187383270263671875e+01
3.187383270263671875e+01 3.284767150878906250e+01
3.284767150878906250e+01 3.384925079345703125e+01
3.384925079345703125e+01 3.487928771972656250e+01
3.487928771972656250e+01 3.593852615356445312e+01
3.593852615356445312e+01 3.702772903442382812e+01
3.702772903442382812e+01 3.814766693115234375e+01
3.814766693115234375e+01 3.929913711547851562e+01
3.929913711547851562e+01 4.048294830322265625e+01
4.048294830322265625e+01 4.169993591308593750e+01
4.169993591308593750e+01 4.295095062255859375e+01
4.295095062255859375e+01 4.423685836791992188e+01
4.423685836791992188e+01 4.555855178833007812e+01
4.555855178833007812e+01 4.691693496704101562e+01
4.691693496704101562e+01 4.831294250488281250e+01
4.831294250488281250e+01 4.974752426147460938e+01
4.974752426147460938e+01 5.122164916992187500e+01
5.122164916992187500e+01 5.273631286621093750e+01
5.273631286621093750e+01 5.429253005981445312e+01
5.429253005981445312e+01 5.589134216308593750e+01
5.589134216308593750e+01 5.753380584716796875e+01
5.753380584716796875e+01 5.922100448608398438e+01
5.922100448608398438e+01 6.095405197143554688e+01
6.095405197143554688e+01 6.273407363891601562e+01
6.273407363891601562e+01 6.456223297119140625e+01
6.456223297119140625e+01 6.643970489501953125e+01
6.643970489501953125e+01 6.836769866943359375e+01
6.836769866943359375e+01 7.034745025634765625e+01
7.034745025634765625e+01 7.238021087646484375e+01
7.238021087646484375e+01 7.446727752685546875e+01
7.446727752685546875e+01 7.660995483398437500e+01
7.660995483398437500e+01 7.880959320068359375e+01
7.880959320068359375e+01 8.106755065917968750e+01
8.106755065917968750e+01 8.338523864746093750e+01
8.338523864746093750e+01 8.576406860351562500e+01
8.576406860351562500e+01 8.820551300048828125e+01
8.820551300048828125e+01 9.071104431152343750e+01
9.071104431152343750e+01 9.328219604492187500e+01
9.328219604492187500e+01 9.592050170898437500e+01
9.592050170898437500e+01 9.862754821777343750e+01
9.862754821777343750e+01 1.014049530029296875e+02
1.014049530029296875e+02 1.042543563842773438e+02
1.042543563842773438e+02 1.071774444580078125e+02
1.071774444580078125e+02 1.101759109497070312e+02
1.101759109497070312e+02 1.132515258789062500e+02
1.132515258789062500e+02 1.164060592651367188e+02
1.164060592651367188e+02 1.196413269042968750e+02
1.196413269042968750e+02 1.229591827392578125e+02
1.229591827392578125e+02 1.263615188598632812e+02
1.263615188598632812e+02 1.298502655029296875e+02
1.298502655029296875e+02 1.334273681640625000e+02
1.334273681640625000e+02 1.370948638916015625e+02
1.370948638916015625e+02 1.408547515869140625e+02
1.408547515869140625e+02 1.447091369628906250e+02
1.447091369628906250e+02 1.486601409912109375e+02
1.486601409912109375e+02 1.527099151611328125e+02
1.527099151611328125e+02 1.568606719970703125e+02
1.568606719970703125e+02 1.611146392822265625e+02
1.611146392822265625e+02 1.654741210937500000e+02
1.654741210937500000e+02 1.699414215087890625e+02
1.699414215087890625e+02 1.745189208984375000e+02
1.745189208984375000e+02 1.792090454101562500e+02
1.792090454101562500e+02 1.840142517089843750e+02
1.840142517089843750e+02 1.889370422363281250e+02
1.889370422363281250e+02 1.939799652099609375e+02
1.939799652099609375e+02 1.991456146240234375e+02
1.991456146240234375e+02 2.044366455078125000e+02
2.044366455078125000e+02 2.098557434082031250e+02
2.098557434082031250e+02 2.154056549072265625e+02
2.154056549072265625e+02 2.210891571044921875e+02
2.210891571044921875e+02 2.269091033935546875e+02
2.269091033935546875e+02 2.328683776855468750e+02
2.328683776855468750e+02 2.389699096679687500e+02
2.389699096679687500e+02 2.452167053222656250e+02
2.452167053222656250e+02 2.516118011474609375e+02
2.516118011474609375e+02 2.581582946777343750e+02
2.581582946777343750e+02 2.648593139648437500e+02
2.648593139648437500e+02 2.717180786132812500e+02
2.717180786132812500e+02 2.787378540039062500e+02
2.787378540039062500e+02 2.859219360351562500e+02
2.859219360351562500e+02 2.932737121582031250e+02
2.932737121582031250e+02 3.007966003417968750e+02
3.007966003417968750e+02 3.084940795898437500e+02
3.084940795898437500e+02 3.163696594238281250e+02
3.163696594238281250e+02 3.244269714355468750e+02
3.244269714355468750e+02 3.326696472167968750e+02
3.326696472167968750e+02 3.411014404296875000e+02
3.411014404296875000e+02 3.497261047363281250e+02
3.497261047363281250e+02 3.585474548339843750e+02
3.585474548339843750e+02 3.675693969726562500e+02
3.675693969726562500e+02 3.767959289550781250e+02
3.767959289550781250e+02 3.862310180664062500e+02
3.862310180664062500e+02 3.958787841796875000e+02
3.958787841796875000e+02 4.057433471679687500e+02
4.057433471679687500e+02 4.158289489746093750e+02
4.158289489746093750e+02 4.261398315429687500e+02
4.261398315429687500e+02 4.366803894042968750e+02
4.366803894042968750e+02 4.474549865722656250e+02
4.474549865722656250e+02 4.584681091308593750e+02
4.584681091308593750e+02 4.697243041992187500e+02
4.697243041992187500e+02 4.812281799316406250e+02
4.812281799316406250e+02 4.929844055175781250e+02
4.929844055175781250e+02 5.049977416992187500e+02
5.049977416992187500e+02 5.172730102539062500e+02
5.172730102539062500e+02 5.298150634765625000e+02
5.298150634765625000e+02 5.426289062500000000e+02
5.426289062500000000e+02 5.557194824218750000e+02
5.557194824218750000e+02 5.690919799804687500e+02
5.690919799804687500e+02 5.827515869140625000e+02
5.827515869140625000e+02 5.967034301757812500e+02
5.967034301757812500e+02 6.109528808593750000e+02
6.109528808593750000e+02 6.255053710937500000e+02
6.255053710937500000e+02 6.403663330078125000e+02
6.403663330078125000e+02 6.555412597656250000e+02
6.555412597656250000e+02 6.710358276367187500e+02
6.710358276367187500e+02 6.868556518554687500e+02
6.868556518554687500e+02 7.030065917968750000e+02
7.030065917968750000e+02 7.194944458007812500e+02
7.194944458007812500e+02 7.363250732421875000e+02
7.363250732421875000e+02 7.535044555664062500e+02
7.535044555664062500e+02 7.710387573242187500e+02
7.710387573242187500e+02 7.889340820312500000e+02
7.889340820312500000e+02 8.071965942382812500e+02
8.071965942382812500e+02 8.258327026367187500e+02
8.258327026367187500e+02 8.448486938476562500e+02
8.448486938476562500e+02 8.642510375976562500e+02
8.642510375976562500e+02 8.840462646484375000e+02
8.840462646484375000e+02 9.042410278320312500e+02
9.042410278320312500e+02 9.248419799804687500e+02
9.248419799804687500e+02 9.458558959960937500e+02
9.458558959960937500e+02 9.672896118164062500e+02
9.672896118164062500e+02 9.891501464843750000e+02
9.891501464843750000e+02 1.011444396972656250e+03
1.011444396972656250e+03 1.034179565429687500e+03
1.034179565429687500e+03 1.057362670898437500e+03
1.057362670898437500e+03 1.081001098632812500e+03
1.081001098632812500e+03 1.105102050781250000e+03
1.105102050781250000e+03 1.129673095703125000e+03
1.129673095703125000e+03 1.154721557617187500e+03
1.154721557617187500e+03 1.180255126953125000e+03
1.180255126953125000e+03 1.206281494140625000e+03
1.206281494140625000e+03 1.232808227539062500e+03
1.232808227539062500e+03 1.259843261718750000e+03
1.259843261718750000e+03 1.287394409179687500e+03
1.287394409179687500e+03 1.315469604492187500e+03
1.315469604492187500e+03 1.344077026367187500e+03
1.344077026367187500e+03 1.373224731445312500e+03
1.373224731445312500e+03 1.402920898437500000e+03
1.402920898437500000e+03 1.433173828125000000e+03
1.433173828125000000e+03 1.463991943359375000e+03
1.463991943359375000e+03 1.495383544921875000e+03
1.495383544921875000e+03 1.527357299804687500e+03
1.527357299804687500e+03 1.559921752929687500e+03
1.559921752929687500e+03 1.593085571289062500e+03
1.593085571289062500e+03 1.626857421875000000e+03
1.626857421875000000e+03 1.661246215820312500e+03
1.661246215820312500e+03 1.696260864257812500e+03
1.696260864257812500e+03 1.731910400390625000e+03
1.731910400390625000e+03 1.768203613281250000e+03
1.768203613281250000e+03 1.805149902343750000e+03
1.805149902343750000e+03 1.842758300781250000e+03
1.842758300781250000e+03 1.881038208007812500e+03
1.881038208007812500e+03 1.919998779296875000e+03
1.919998779296875000e+03 1.959649536132812500e+03
1.959649536132812500e+03 2.000000000000000000e+03
2.000000000000000000e+03 2.050139404296875000e+03
2.050139404296875000e+03 2.101535644531250000e+03
2.101535644531250000e+03 2.154220458984375000e+03
2.154220458984375000e+03 2.208226074218750000e+03
2.208226074218750000e+03 2.263585693359375000e+03
2.263585693359375000e+03 2.320333007812500000e+03
2.320333007812500000e+03 2.378502929687500000e+03
2.378502929687500000e+03 2.438131103515625000e+03
2.438131103515625000e+03 2.499254394531250000e+03
2.499254394531250000e+03 2.561909912109375000e+03
2.561909912109375000e+03 2.626135986328125000e+03
2.626135986328125000e+03 2.691972412109375000e+03
2.691972412109375000e+03 2.759459228515625000e+03
2.759459228515625000e+03 2.828638183593750000e+03
2.828638183593750000e+03 2.899551025390625000e+03
2.899551025390625000e+03 2.972241943359375000e+03
2.972241943359375000e+03 3.046755126953125000e+03
3.046755126953125000e+03 3.123136230468750000e+03
3.123136230468750000e+03 3.201432128906250000e+03
3.201432128906250000e+03 3.281690917968750000e+03
3.281690917968750000e+03 3.363961914062500000e+03
3.363961914062500000e+03 3.448295410156250000e+03
3.448295410156250000e+03 3.534742919921875000e+03
3.534742919921875000e+03 3.623357910156250000e+03
3.623357910156250000e+03 3.714194335937500000e+03
3.714194335937500000e+03 3.807307861328125000e+03
3.807307861328125000e+03 3.902755859375000000e+03
3.902755859375000000e+03 4.000596679687500000e+03
4.000596679687500000e+03 4.100890136718750000e+03
4.100890136718750000e+03 4.203698242187500000e+03
4.203698242187500000e+03 4.309083496093750000e+03
4.309083496093750000e+03 4.417110839843750000e+03
4.417110839843750000e+03 4.527846679687500000e+03
4.527846679687500000e+03 4.641357910156250000e+03
4.641357910156250000e+03 4.757715332031250000e+03
4.757715332031250000e+03 4.876989746093750000e+03
4.876989746093750000e+03 4.999254394531250000e+03
4.999254394531250000e+03 5.124583984375000000e+03
5.124583984375000000e+03 5.253055664062500000e+03
5.253055664062500000e+03 5.384748046875000000e+03
5.384748046875000000e+03 5.519741699218750000e+03
5.519741699218750000e+03 5.658120117187500000e+03
5.658120117187500000e+03 5.799967285156250000e+03
5.799967285156250000e+03 5.945370605468750000e+03
5.945370605468750000e+03 6.094418945312500000e+03
6.094418945312500000e+03 6.247204101562500000e+03
6.247204101562500000e+03 6.403819335937500000e+03
6.403819335937500000e+03 6.564360839843750000e+03
6.564360839843750000e+03 6.728927246093750000e+03
6.728927246093750000e+03 6.897619628906250000e+03
6.897619628906250000e+03 7.070540527343750000e+03
7.070540527343750000e+03 7.247796875000000000e+03
7.247796875000000000e+03 7.429496582031250000e+03
7.429496582031250000e+03 7.615751464843750000e+03
7.615751464843750000e+03 7.806675781250000000e+03
7.806675781250000000e+03 8.002386718750000000e+03
8.002386718750000000e+03 8.203003906250000000e+03
8.203003906250000000e+03 8.408650390625000000e+03
8.408650390625000000e+03 8.619453125000000000e+03
8.619453125000000000e+03 8.835540039062500000e+03
8.835540039062500000e+03 9.057043945312500000e+03
9.057043945312500000e+03 9.284100585937500000e+03
9.284100585937500000e+03 9.516850585937500000e+03
9.516850585937500000e+03 9.755434570312500000e+03
9.755434570312500000e+03 1.000000000000000000e+04
1.000000000000000000e+04 1.047294140625000000e+04
1.047294140625000000e+04 1.096825000000000000e+04
1.096825000000000000e+04 1.148698339843750000e+04
1.148698339843750000e+04 1.203025000000000000e+04
1.203025000000000000e+04 1.259921093750000000e+04
1.259921093750000000e+04 1.319507910156250000e+04
1.319507910156250000e+04 1.381912890625000000e+04
1.381912890625000000e+04 1.447269238281250000e+04
1.447269238281250000e+04 1.515716601562500000e+04
1.515716601562500000e+04 1.587401074218750000e+04
1.587401074218750000e+04 1.662475781250000000e+04
1.662475781250000000e+04 1.741101171875000000e+04
1.741101171875000000e+04 1.823444921875000000e+04
1.823444921875000000e+04 1.909683203125000000e+04
1.909683203125000000e+04 2.000000000000000000e+04
2.000000000000000000e+04 2.094588281250000000e+04
2.094588281250000000e+04 2.193650000000000000e+04
2.193650000000000000e+04 2.297396679687500000e+04
2.297396679687500000e+04 2.406050000000000000e+04
2.406050000000000000e+04 2.519842187500000000e+04
2.519842187500000000e+04 2.639015820312500000e+04
2.639015820312500000e+04 2.763825781250000000e+04
2.763825781250000000e+04 2.894538476562500000e+04
2.894538476562500000e+04 3.031433203125000000e+04
3.031433203125000000e+04 3.174802148437500000e+04
3.174802148437500000e+04 3.324951562500000000e+04
3.324951562500000000e+04 3.482202343750000000e+04
3.482202343750000000e+04 3.646889843750000000e+04
3.646889843750000000e+04 3.819366406250000000e+04
3.819366406250000000e+04 4.000000000000000000e+04
2.000000000000000000e+00 2.209233522415161133e+00
2.209233522415161133e+00 2.436856508255004883e+00
2.436856508255004883e+00 2.684077739715576172e+00
2.684077739715576172e+00 2.952140092849731445e+00
2.952140092849731445e+00 3.242317914962768555e+00
3.242317914962768555e+00 3.555911779403686523e+00
3.555911779403686523e+00 3.894243478775024414e+00
3.894243478775024414e+00 4.258650779724121094e+00
4.258650779724121094e+00 4.650478839874267578e+00
4.650478839874267578e+00 5.071075439453125000e+00
5.071075439453125000e+00 5.521781444549560547e+00
5.521781444549560547e+00 6.003923416137695312e+00
6.003923416137695312e+00 6.518802642822265625e+00
6.518802642822265625e+00 7.067686080932617188e+00
7.067686080932617188e+00 7.651796817779541016e+00
7.651796817779541016e+00 8.272301673889160156e+00
8.272301673889160156e+00 8.930300712585449219e+00
8.930300712585449219e+00 9.626812934875488281e+00
9.626812934875488281e+00 1.036276721954345703e+01
1.036276721954345703e+01 1.113898754119873047e+01
1.113898754119873047e+01 1.195617961883544922e+01
1.195617961883544922e+01 1.281492042541503906e+01
1.281492042541503906e+01 1.371564197540283203e+01
1.371564197540283203e+01 1.465862083435058594e+01
1.465862083435058594e+01 1.564396572113037109e+01
1.564396572113037109e+01 1.667160224914550781e+01
1.667160224914550781e+01 1.774126625061035156e+01
1.774126625061035156e+01 1.885248565673828125e+01
1.885248565673828125e+01 2.000457763671875000e+01
2.000457763671875000e+01 2.119663429260253906e+01
2.119663429260253906e+01 2.242751693725585938e+01
2.242751693725585938e+01 2.369584655761718750e+01
2.369584655761718750e+01 2.500000000000000000e+01
2.500000000000000000e+01 2.577610969543457031e+01
2.577610969543457031e+01 2.657472991943359375e+01
2.657472991943359375e+01 2.739646148681640625e+01
2.739646148681640625e+01 2.824191856384277344e+01
2.824191856384277344e+01 2.911173248291015625e+01
2.911173248291015625e+01 3.000654602050781250e+01
3.000654602050781250e+01 3.092702102661132812e+01
3.092702102661132812e+01 3.187383270263671875e+01
3.187383270263671875e+01 3.284767150878906250e+01
3.284767150878906250e+01 3.384925079345703125e+01
3.384925079345703125e+01 3.487928771972656250e+01
3.487928771972656250e+01 3.593852615356445312e+01
3.593852615356445312e+01 3.702772903442382812e+01
3.702772903442382812e+01 3.814766693115234375e+01
3.814766693115234375e+01 3.929913711547851562e+01
3.929913711547851562e+01 4.048294830322265625e+01
4.048294830322265625e+01 4.169993591308593750e+01
4.169993591308593750e+01 4.295095062255859375e+01
4.295095062255859375e+01 4.423685836791992188e+01
4.423685836791992188e+01 4.555855178833007812e+01
4.555855178833007812e+01 4.691693496704101562e+01
4.691693496704101562e+01 4.831294250488281250e+01
4.831294250488281250e+01 4.974752426147460938e+01
4.974752426147460938e+01 5.122164916992187500e+01
5.122164916992187500e+01 5.273631286621093750e+01
5.273631286621093750e+01 5.429253005981445312e+01
5.429253005981445312e+01 5.589134216308593750e+01
5.589134216308593750e+01 5.753380584716796875e+01
5.753380584716796875e+01 5.922100448608398438e+01
5.922100448608398438e+01 6.095405197143554688e+01
6.095405197143554688e+01 6.273407363891601562e+01
6.273407363891601562e+01 6.456223297119140625e+01
6.456223297119140625e+01 6.643970489501953125e+01
6.643970489501953125e+01 6.836769866943359375e+01
6.836769866943359375e+01 7.034745025634765625e+01
7.034745025634765625e+01 7.238021087646484375e+01
7.238021087646484375e+01 7.446727752685546875e+01
7.446727752685546875e+01 7.660995483398437500e+01
7.660995483398437500e+01 7.880959320068359375e+01
7.880959320068359375e+01 8.106755065917968750e+01
8.106755065917968750e+01 8.338523864746093750e+01
8.338523864746093750e+01 8.576406860351562500e+01
8.576406860351562500e+01 8.820551300048828125e+01
8.820551300048828125e+01 9.071104431152343750e+01
9.071104431152343750e+01 9.328219604492187500e+01
9.328219604492187500e+01 9.592050170898437500e+01
9.592050170898437500e+01 9.862754821777343750e+01
9.862754821777343750e+01 1.014049530029296875e+02
1.014049530029296875e+02 1.042543563842773438e+02
1.042543563842773438e+02 1.071774444580078125e+02
1.071774444580078125e+02 1.101759109497070312e+02
1.101759109497070312e+02 1.132515258789062500e+02
1.132515258789062500e+02 1.164060592651367188e+02
1.164060592651367188e+02 1.196413269042968750e+02
1.196413269042968750e+02 1.229591827392578125e+02
1.229591827392578125e+02 1.263615188598632812e+02
1.263615188598632812e+02 1.298502655029296875e+02
1.298502655029296875e+02 1.334273681640625000e+02
1.334273681640625000e+02 1.370948638916015625e+02
1.370948638916015625e+02 1.408547515869140625e+02
1.408547515869140625e+02 1.447091369628906250e+02
1.447091369628906250e+02 1.486601409912109375e+02
1.486601409912109375e+02 1.527099151611328125e+02
1.527099151611328125e+02 1.568606719970703125e+02
1.568606719970703125e+02 1.611146392822265625e+02
1.611146392822265625e+02 1.654741210937500000e+02
1.654741210937500000e+02 1.699414215087890625e+02
1.699414215087890625e+02 1.745189208984375000e+02
1.745189208984375000e+02 1.792090454101562500e+02
1.792090454101562500e+02 1.840142517089843750e+02
1.840142517089843750e+02 1.889370422363281250e+02
1.889370422363281250e+02 1.939799652099609375e+02
1.939799652099609375e+02 1.991456146240234375e+02
1.991456146240234375e+02 2.044366455078125000e+02
2.044366455078125000e+02 2.098557434082031250e+02
2.098557434082031250e+02 2.154056549072265625e+02
2.154056549072265625e+02 2.210891571044921875e+02
2.210891571044921875e+02 2.269091033935546875e+02
2.269091033935546875e+02 2.328683776855468750e+02
2.328683776855468750e+02 2.389699096679687500e+02
2.389699096679687500e+02 2.452167053222656250e+02
2.452167053222656250e+02 2.516118011474609375e+02
2.516118011474609375e+02 2.581582946777343750e+02
2.581582946777343750e+02 2.648593139648437500e+02
2.648593139648437500e+02 2.717180786132812500e+02
2.717180786132812500e+02 2.787378540039062500e+02
2.787378540039062500e+02 2.859219360351562500e+02
2.859219360351562500e+02 2.932737121582031250e+02
2.932737121582031250e+02 3.007966003417968750e+02
3.007966003417968750e+02 3.084940795898437500e+02
3.084940795898437500e+02 3.163696594238281250e+02
3.163696594238281250e+02 3.244269714355468750e+02
3.244269714355468750e+02 3.326696472167968750e+02
3.326696472167968750e+02 3.411014404296875000e+02
3.411014404296875000e+02 3.497261047363281250e+02
3.497261047363281250e+02 3.585474548339843750e+02
3.585474548339843750e+02 3.675693969726562500e+02
3.675693969726562500e+02 3.767959289550781250e+02
3.767959289550781250e+02 3.862310180664062500e+02
3.862310180664062500e+02 3.958787841796875000e+02
3.958787841796875000e+02 4.057433471679687500e+02
4.057433471679687500e+02 4.158289489746093750e+02
4.158289489746093750e+02 4.261398315429687500e+02
4.261398315429687500e+02 4.366803894042968750e+02
4.366803894042968750e+02 4.474549865722656250e+02
4.474549865722656250e+02 4.584681091308593750e+02
4.584681091308593750e+02 4.697243041992187500e+02
4.697243041992187500e+02 4.812281799316406250e+02
4.812281799316406250e+02 4.929844055175781250e+02
4.929844055175781250e+02 5.049977416992187500e+02
5.049977416992187500e+02 5.172730102539062500e+02
5.172730102539062500e+02 5.298150634765625000e+02
5.298150634765625000e+02 5.426289062500000000e+02
5.426289062500000000e+02 5.557194824218750000e+02
5.557194824218750000e+02 5.690919799804687500e+02
5.690919799804687500e+02 5.827515869140625000e+02
5.827515869140625000e+02 5.967034301757812500e+02
5.967034301757812500e+02 6.109528808593750000e+02
6.109528808593750000e+02 6.255053710937500000e+02
6.255053710937500000e+02 6.403663330078125000e+02
6.403663330078125000e+02 6.555412597656250000e+02
6.555412597656250000e+02 6.710358276367187500e+02
6.710358276367187500e+02 6.868556518554687500e+02
6.868556518554687500e+02 7.030065917968750000e+02
7.030065917968750000e+02 7.194944458007812500e+02
7.194944458007812500e+02 7.363250732421875000e+02
7.363250732421875000e+02 7.535044555664062500e+02
7.535044555664062500e+02 7.710387573242187500e+02
7.710387573242187500e+02 7.889340820312500000e+02
7.889340820312500000e+02 8.071965942382812500e+02
8.071965942382812500e+02 8.258327026367187500e+02
8.258327026367187500e+02 8.448486938476562500e+02
8.448486938476562500e+02 8.642510375976562500e+02
8.642510375976562500e+02 8.840462646484375000e+02
8.840462646484375000e+02 9.042410278320312500e+02
9.042410278320312500e+02 9.248419799804687500e+02
9.248419799804687500e+02 9.458558959960937500e+02
9.458558959960937500e+02 9.672896118164062500e+02
9.672896118164062500e+02 9.891501464843750000e+02
9.891501464843750000e+02 1.011444396972656250e+03
1.011444396972656250e+03 1.034179565429687500e+03
1.034179565429687500e+03 1.057362670898437500e+03
1.057362670898437500e+03 1.081001098632812500e+03
1.081001098632812500e+03 1.105102050781250000e+03
1.105102050781250000e+03 1.129673095703125000e+03
1.129673095703125000e+03 1.154721557617187500e+03
1.154721557617187500e+03 1.180255126953125000e+03
1.180255126953125000e+03 1.206281494140625000e+03
1.206281494140625000e+03 1.232808227539062500e+03
1.232808227539062500e+03 1.259843261718750000e+03
1.259843261718750000e+03 1.287394409179687500e+03
1.287394409179687500e+03 1.315469604492187500e+03
1.315469604492187500e+03 1.344077026367187500e+03
1.344077026367187500e+03 1.373224731445312500e+03
1.373224731445312500e+03 1.402920898437500000e+03
1.402920898437500000e+03 1.433173828125000000e+03
1.433173828125000000e+03 1.463991943359375000e+03
1.463991943359375000e+03 1.495383544921875000e+03
1.495383544921875000e+03 1.527357299804687500e+03
1.527357299804687500e+03 1.559921752929687500e+03
1.559921752929687500e+03 1.593085571289062500e+03
1.593085571289062500e+03 1.626857421875000000e+03
1.626857421875000000e+03 1.661246215820312500e+03
1.661246215820312500e+03 1.696260864257812500e+03
1.696260864257812500e+03 1.731910400390625000e+03
1.731910400390625000e+03 1.768203613281250000e+03
1.768203613281250000e+03 1.805149902343750000e+03
1.805149902343750000e+03 1.842758300781250000e+03
1.842758300781250000e+03 1.881038208007812500e+03
1.881038208007812500e+03 1.919998779296875000e+03
1.919998779296875000e+03 1.959649536132812500e+03
1.959649536132812500e+03 2.000000000000000000e+03
2.000000000000000000e+03 2.050139404296875000e+03
2.050139404296875000e+03 2.101535644531250000e+03
2.101535644531250000e+03 2.154220458984375000e+03
2.154220458984375000e+03 2.208226074218750000e+03
2.208226074218750000e+03 2.263585693359375000e+03
2.263585693359375000e+03 2.320333007812500000e+03
2.320333007812500000e+03 2.378502929687500000e+03
2.378502929687500000e+03 2.438131103515625000e+03
2.438131103515625000e+03 2.499254394531250000e+03
2.499254394531250000e+03 2.561909912109375000e+03
2.561909912109375000e+03 2.626135986328125000e+03
2.626135986328125000e+03 2.691972412109375000e+03
2.691972412109375000e+03 2.759459228515625000e+03
2.759459228515625000e+03 2.828638183593750000e+03
2.828638183593750000e+03 2.899551025390625000e+03
2.899551025390625000e+03 2.972241943359375000e+03
2.972241943359375000e+03 3.046755126953125000e+03
3.046755126953125000e+03 3.123136230468750000e+03
3.123136230468750000e+03 3.201432128906250000e+03
3.201432128906250000e+03 3.281690917968750000e+03
3.281690917968750000e+03 3.363961914062500000e+03
3.363961914062500000e+03 3.448295410156250000e+03
3.448295410156250000e+03 3.534742919921875000e+03
3.534742919921875000e+03 3.623357910156250000e+03
3.623357910156250000e+03 3.714194335937500000e+03
3.714194335937500000e+03 3.807307861328125000e+03
3.807307861328125000e+03 3.902755859375000000e+03
3.902755859375000000e+03 4.000596679687500000e+03
4.000596679687500000e+03 4.100890136718750000e+03
4.100890136718750000e+03 4.203698242187500000e+03
4.203698242187500000e+03 4.309083496093750000e+03
4.309083496093750000e+03 4.417110839843750000e+03
4.417110839843750000e+03 4.527846679687500000e+03
4.527846679687500000e+03 4.641357910156250000e+03
4.641357910156250000e+03 4.757715332031250000e+03
4.757715332031250000e+03 4.876989746093750000e+03
4.876989746093750000e+03 4.999254394531250000e+03
4.999254394531250000e+03 5.124583984375000000e+03
5.124583984375000000e+03 5.253055664062500000e+03
5.253055664062500000e+03 5.384748046875000000e+03
5.384748046875000000e+03 5.519741699218750000e+03
5.519741699218750000e+03 5.658120117187500000e+03
5.658120117187500000e+03 5.799967285156250000e+03
5.799967285156250000e+03 5.945370605468750000e+03
5.945370605468750000e+03 6.094418945312500000e+03
6.094418945312500000e+03 6.247204101562500000e+03
6.247204101562500000e+03 6.403819335937500000e+03
6.403819335937500000e+03 6.564360839843750000e+03
6.564360839843750000e+03 6.728927246093750000e+03
6.728927246093750000e+03 6.897619628906250000e+03
6.897619628906250000e+03 7.070540527343750000e+03
7.070540527343750000e+03 7.247796875000000000e+03
7.247796875000000000e+03 7.429496582031250000e+03
7.429496582031250000e+03 7.615751464843750000e+03
7.615751464843750000e+03 7.806675781250000000e+03
7.806675781250000000e+03 8.002386718750000000e+03
8.002386718750000000e+03 8.203003906250000000e+03
8.203003906250000000e+03 8.408650390625000000e+03
8.408650390625000000e+03 8.619453125000000000e+03
8.619453125000000000e+03 8.835540039062500000e+03
8.835540039062500000e+03 9.057043945312500000e+03
9.057043945312500000e+03 9.284100585937500000e+03
9.284100585937500000e+03 9.516850585937500000e+03
9.516850585937500000e+03 9.755434570312500000e+03
9.755434570312500000e+03 1.000000000000000000e+04
1.000000000000000000e+04 1.047294140625000000e+04
1.047294140625000000e+04 1.096825000000000000e+04
1.096825000000000000e+04 1.148698339843750000e+04
1.148698339843750000e+04 1.203025000000000000e+04
1.203025000000000000e+04 1.259921093750000000e+04
1.259921093750000000e+04 1.319507910156250000e+04
1.319507910156250000e+04 1.381912890625000000e+04
1.381912890625000000e+04 1.447269238281250000e+04
1.447269238281250000e+04 1.515716601562500000e+04
1.515716601562500000e+04 1.587401074218750000e+04
1.587401074218750000e+04 1.662475781250000000e+04
1.662475781250000000e+04 1.741101171875000000e+04
1.741101171875000000e+04 1.823444921875000000e+04
1.823444921875000000e+04 1.909683203125000000e+04
1.909683203125000000e+04 2.000000000000000000e+04
2.000000000000000000e+04 2.094588281250000000e+04
2.094588281250000000e+04 2.193650000000000000e+04
2.193650000000000000e+04 2.297396679687500000e+04
2.297396679687500000e+04 2.406050000000000000e+04
2.406050000000000000e+04 2.519842187500000000e+04
2.519842187500000000e+04 2.639015820312500000e+04
2.639015820312500000e+04 2.763825781250000000e+04
2.763825781250000000e+04 2.894538476562500000e+04
2.894538476562500000e+04 3.031433203125000000e+04
3.031433203125000000e+04 3.174802148437500000e+04
3.174802148437500000e+04 3.324951562500000000e+04
3.324951562500000000e+04 3.482202343750000000e+04
3.482202343750000000e+04 3.646889843750000000e+04
3.646889843750000000e+04 3.819366406250000000e+04
3.819366406250000000e+04 4.000000000000000000e+04
