3.400001525878906250e-01
3.631200790405273438e-01
3.878197669982910156e-01
4.141898155212402344e-01
4.423503875732421875e-01
4.724297523498535156e-01
5.045599937438964844e-01
5.388603210449218750e-01
5.755100250244140625e-01
6.146497726440429688e-01
6.564102172851562500e-01
7.010993957519531250e-01
7.488002777099609375e-01
7.995996475219726562e-01
8.541002273559570312e-01
9.120998382568359375e-01
9.741001129150390625e-01
1.040399551391601562e+00
1.111200332641601562e+00
1.186700820922851562e+00
1.267398834228515625e+00
1.353500366210937500e+00
1.445600509643554688e+00
1.544000625610351562e+00
1.648899078369140625e+00
1.760999679565429688e+00
1.880800247192382812e+00
2.008699417114257812e+00
2.145200729370117188e+00
2.291198730468750000e+00
2.446899414062500000e+00
2.613403320312500000e+00
2.791000366210937500e+00
2.980796813964843750e+00
3.183601379394531250e+00
3.400001525878906250e+00
3.631198883056640625e+00
3.878200531005859375e+00
4.141899108886718750e+00
4.423500061035156250e+00
4.724296569824218750e+00
5.045501708984375000e+00
5.388702392578125000e+00
5.755096435546875000e+00
6.146499633789062500e+00
6.564102172851562500e+00
7.011001586914062500e+00
7.487998962402343750e+00
7.996002197265625000e+00
8.540992736816406250e+00
9.121002197265625000e+00
9.740997314453125000e+00
1.040400695800781250e+01
1.111199951171875000e+01
1.186700439453125000e+01
1.267399597167968750e+01
1.353500366210937500e+01
1.445599365234375000e+01
1.544000244140625000e+01
1.648899841308593750e+01
1.761001586914062500e+01
1.880798339843750000e+01
2.008700561523437500e+01
2.145199584960937500e+01
2.291198730468750000e+01
2.446902465820312500e+01
2.613400268554687500e+01
2.790997314453125000e+01
2.980801391601562500e+01
3.183599853515625000e+01
3.400000000000000000e+01
3.631201171875000000e+01
3.878198242187500000e+01
4.141802978515625000e+01
4.423596191406250000e+01
4.724304199218750000e+01
5.045495605468750000e+01
5.388702392578125000e+01
5.755096435546875000e+01
6.146502685546875000e+01
6.564099121093750000e+01
7.010998535156250000e+01
7.488000488281250000e+01
7.995996093750000000e+01
8.541003417968750000e+01
9.121008300781250000e+01
9.740991210937500000e+01
1.040400390625000000e+02
1.111199951171875000e+02
1.186700439453125000e+02
1.267399902343750000e+02
1.353498535156250000e+02
1.445600585937500000e+02
1.544001464843750000e+02
1.648898925781250000e+02
1.761000976562500000e+02
1.880798339843750000e+02
2.008701171875000000e+02
2.145200195312500000e+02
2.291198730468750000e+02
2.446901855468750000e+02
2.613398437500000000e+02
2.791000976562500000e+02
2.980898437500000000e+02
3.183500976562500000e+02
3.400000000000000000e+02
3.631201171875000000e+02
3.878198242187500000e+02
4.141801757812500000e+02
4.423598632812500000e+02
4.724301757812500000e+02
5.045498046875000000e+02
5.388701171875000000e+02
5.755097656250000000e+02
6.146503906250000000e+02
6.564101562500000000e+02
7.010996093750000000e+02
7.487998046875000000e+02
7.996005859375000000e+02
8.540996093750000000e+02
9.120996093750000000e+02
9.741005859375000000e+02
1.040399414062500000e+03
1.111201171875000000e+03
1.186599609375000000e+03
1.267400390625000000e+03
1.353599609375000000e+03
1.445599609375000000e+03
1.544000000000000000e+03
1.648800781250000000e+03
1.761099609375000000e+03
1.880798828125000000e+03
2.008601562500000000e+03
2.145300781250000000e+03
2.291199218750000000e+03
2.446898437500000000e+03
2.613402343750000000e+03
2.791000000000000000e+03
2.980796875000000000e+03
3.183601562500000000e+03
5.579002380371093750e+00
5.890998840332031250e+00
6.219001770019531250e+00
6.565994262695312500e+00
6.933006286621093750e+00
7.319000244140625000e+00
7.727996826171875000e+00
8.158996582031250000e+00
8.613998413085937500e+00
9.095001220703125000e+00
9.602005004882812500e+00
1.013800048828125000e+01
1.070300292968750000e+01
1.130099487304687500e+01
1.193099975585937500e+01
1.259700012207031250e+01
1.330000305175781250e+01
1.404100036621093750e+01
1.482498168945312500e+01
1.565301513671875000e+01
1.652499389648437500e+01
1.744799804687500000e+01
1.842102050781250000e+01
1.944799804687500000e+01
2.053399658203125000e+01
2.167999267578125000e+01
2.288900756835937500e+01
2.416598510742187500e+01
2.551501464843750000e+01
2.693698120117187500e+01
2.844100952148437500e+01
3.002801513671875000e+01
3.170300292968750000e+01
3.347198486328125000e+01
3.533898925781250000e+01
3.731201171875000000e+01
3.939196777343750000e+01
4.159100341796875000e+01
4.391101074218750000e+01
4.636102294921875000e+01
4.894799804687500000e+01
5.167797851562500000e+01
5.455700683593750000e+01
5.760998535156250000e+01
6.082006835937500000e+01
6.420996093750000000e+01
6.780004882812500000e+01
7.157995605468750000e+01
7.556994628906250000e+01
7.979003906250000000e+01
8.423999023437500000e+01
8.894006347656250000e+01
9.389990234375000000e+01
9.914001464843750000e+01
1.046800537109375000e+02
1.105100097656250000e+02
1.166799316406250000e+02
1.231899414062500000e+02
1.300600585937500000e+02
1.373200683593750000e+02
1.449799804687500000e+02
1.530700683593750000e+02
1.615998535156250000e+02
1.706301269531250000e+02
1.801398925781250000e+02
1.901999511718750000e+02
2.008100585937500000e+02
2.120100097656250000e+02
2.238400878906250000e+02
2.363300781250000000e+02
2.495097656250000000e+02
2.634399414062500000e+02
2.781303710937500000e+02
2.936499023437500000e+02
3.100297851562500000e+02
3.273403320312500000e+02
3.455898437500000000e+02
3.648798828125000000e+02
3.852402343750000000e+02
4.067197265625000000e+02
4.294199218750000000e+02
4.533798828125000000e+02
4.786806640625000000e+02
5.053798828125000000e+02
5.335693359375000000e+02
5.634003906250000000e+02
5.947001953125000000e+02
6.280000000000000000e+02
6.630000000000000000e+02
7.000000000000000000e+02
7.390000000000000000e+02
7.802998046875000000e+02
8.237998046875000000e+02
8.697998046875000000e+02
9.183007812500000000e+02
9.695000000000000000e+02
1.023699218750000000e+03
1.080701171875000000e+03
1.141099609375000000e+03
1.204699218750000000e+03
1.271900390625000000e+03
1.342800781250000000e+03
1.417898437500000000e+03
1.496900390625000000e+03
1.580400390625000000e+03
1.668599609375000000e+03
1.761701171875000000e+03
1.860000000000000000e+03
1.963699218750000000e+03
2.073398437500000000e+03
2.189000000000000000e+03
2.311101562500000000e+03
2.440101562500000000e+03
2.576199218750000000e+03
2.719898437500000000e+03
2.871800781250000000e+03
3.031898437500000000e+03
3.201101562500000000e+03
3.379699218750000000e+03
3.568199218750000000e+03
3.767304687500000000e+03
3.977500000000000000e+03
4.199500000000000000e+03
4.433796875000000000e+03
4.681101562500000000e+03
4.942296875000000000e+03
5.218000000000000000e+03
5.509101562500000000e+03
5.817000000000000000e+03
6.141000000000000000e+03
6.483000000000000000e+03
6.846000000000000000e+03
7.227000000000000000e+03
7.631000000000000000e+03
8.056000000000000000e+03
8.506000000000000000e+03
8.980000000000000000e+03
9.482000000000000000e+03
1.001000000000000000e+04
1.056900000000000000e+04
2.092335224151611328e-01
2.276229858398437500e-01
2.472212314605712891e-01
2.680623531341552734e-01
2.901778221130371094e-01
3.135938644409179688e-01
3.383316993713378906e-01
3.644073009490966797e-01
3.918280601501464844e-01
4.205965995788574219e-01
4.507060050964355469e-01
4.821419715881347656e-01
5.148792266845703125e-01
5.488834381103515625e-01
5.841107368469238281e-01
6.205048561096191406e-01
6.579990386962890625e-01
6.965122222900390625e-01
7.359542846679687500e-01
7.762203216552734375e-01
8.171920776367187500e-01
8.587408065795898438e-01
9.007215499877929688e-01
9.429788589477539062e-01
9.853448867797851562e-01
1.027636528015136719e+00
1.069664001464843750e+00
1.111219406127929688e+00
1.152091979980468750e+00
1.192056655883789062e+00
1.230882644653320312e+00
1.268329620361328125e+00
1.304153442382812500e+00
7.761096954345703125e-01
7.986202239990234375e-01
8.217315673828125000e-01
8.454570770263671875e-01
8.698139190673828125e-01
8.948135375976562500e-01
9.204750061035156250e-01
9.468116760253906250e-01
9.738388061523437500e-01
1.001579284667968750e+00
1.030036926269531250e+00
1.059238433837890625e+00
1.089202880859375000e+00
1.119937896728515625e+00
1.151470184326171875e+00
1.183811187744140625e+00
1.216987609863281250e+00
1.251014709472656250e+00
1.285907745361328125e+00
1.321693420410156250e+00
1.358383178710937500e+00
1.396007537841796875e+00
1.434581756591796875e+00
1.474124908447265625e+00
1.514663696289062500e+00
1.556217193603515625e+00
1.598812103271484375e+00
1.642463684082031250e+00
1.687198638916015625e+00
1.733047485351562500e+00
1.780021667480468750e+00
1.828159332275390625e+00
1.877471923828125000e+00
1.927993774414062500e+00
1.979751586914062500e+00
2.032760620117187500e+00
2.087066650390625000e+00
2.142677307128906250e+00
2.199638366699218750e+00
2.257957458496093750e+00
2.317687988281250000e+00
2.378829956054687500e+00
2.441444396972656250e+00
2.505531311035156250e+00
2.571151733398437500e+00
2.638305664062500000e+00
2.707046508789062500e+00
2.777404785156250000e+00
2.849403381347656250e+00
2.923088073730468750e+00
2.998466491699218750e+00
3.075614929199218750e+00
3.154533386230468750e+00
3.235267639160156250e+00
3.317855834960937500e+00
3.402336120605468750e+00
3.488746643066406250e+00
3.577102661132812500e+00
3.667495727539062500e+00
3.759887695312500000e+00
3.854385375976562500e+00
3.951004028320312500e+00
4.049774169921875000e+00
4.150756835937500000e+00
4.253967285156250000e+00
4.359481811523437500e+00
4.467300415039062500e+00
4.577499389648437500e+00
4.690124511718750000e+00
4.805206298828125000e+00
4.922790527343750000e+00
5.042922973632812500e+00
5.165649414062500000e+00
5.291030883789062500e+00
5.419097900390625000e+00
5.549911499023437500e+00
5.683502197265625000e+00
5.819946289062500000e+00
5.959274291992187500e+00
6.101531982421875000e+00
6.246795654296875000e+00
6.395095825195312500e+00
6.546493530273437500e+00
6.701019287109375000e+00
6.858764648437500000e+00
7.019775390625000000e+00
7.184082031250000000e+00
7.351776123046875000e+00
7.522888183593750000e+00
7.697479248046875000e+00
7.875579833984375000e+00
8.057312011718750000e+00
8.242675781250000000e+00
8.431793212890625000e+00
8.624664306640625000e+00
8.821350097656250000e+00
9.021942138671875000e+00
9.226531982421875000e+00
9.435089111328125000e+00
9.647766113281250000e+00
9.864562988281250000e+00
1.008560180664062500e+01
1.031088256835937500e+01
1.054055786132812500e+01
1.077459716796875000e+01
1.101312255859375000e+01
1.125619506835937500e+01
1.150387573242187500e+01
1.175622558593750000e+01
1.201333618164062500e+01
1.227526855468750000e+01
1.254205322265625000e+01
1.281384277343750000e+01
1.309057617187500000e+01
1.337249755859375000e+01
1.365960693359375000e+01
1.395184326171875000e+01
1.424945068359375000e+01
1.455249023437500000e+01
1.486096191406250000e+01
1.517492675781250000e+01
1.549456787109375000e+01
1.581982421875000000e+01
1.615093994140625000e+01
1.648785400390625000e+01
1.683062744140625000e+01
1.717938232421875000e+01
1.753430175781250000e+01
1.789532470703125000e+01
1.826251220703125000e+01
1.863610839843750000e+01
1.901599121093750000e+01
1.940234375000000000e+01
1.979522705078125000e+01
2.019476318359375000e+01
2.060095214843750000e+01
2.101391601562500000e+01
2.143371582031250000e+01
2.186053466796875000e+01
2.229425048828125000e+01
2.273516845703125000e+01
2.318310546875000000e+01
2.363842773437500000e+01
2.410095214843750000e+01
2.457104492187500000e+01
2.504846191406250000e+01
2.553356933593750000e+01
2.602636718750000000e+01
2.652673339843750000e+01
2.703503417968750000e+01
2.755114746093750000e+01
2.807519531250000000e+01
2.860742187500000000e+01
2.914770507812500000e+01
2.969616699218750000e+01
3.025292968750000000e+01
3.081811523437500000e+01
3.139160156250000000e+01
3.197375488281250000e+01
3.256445312500000000e+01
3.316381835937500000e+01
3.377185058593750000e+01
3.438879394531250000e+01
3.501464843750000000e+01
3.564953613281250000e+01
3.629321289062500000e+01
3.694628906250000000e+01
3.760839843750000000e+01
3.827990722656250000e+01
3.896057128906250000e+01
3.965075683593750000e+01
4.035046386718750000e+01
5.013940429687500000e+01
5.139624023437500000e+01
5.268481445312500000e+01
5.400561523437500000e+01
5.535961914062500000e+01
5.674731445312500000e+01
5.816992187500000000e+01
5.962817382812500000e+01
6.112329101562500000e+01
6.265551757812500000e+01
6.422607421875000000e+01
6.583642578125000000e+01
6.748681640625000000e+01
6.917895507812500000e+01
7.091284179687500000e+01
7.269091796875000000e+01
7.451318359375000000e+01
7.638110351562500000e+01
7.829589843750000000e+01
8.025878906250000000e+01
8.227099609375000000e+01
8.433349609375000000e+01
8.644750976562500000e+01
8.861499023437500000e+01
9.083642578125000000e+01
9.311352539062500000e+01
9.544799804687500000e+01
9.784082031250000000e+01
1.002934570312500000e+02
1.028081054687500000e+02
1.053852539062500000e+02
1.080273437500000000e+02
1.107358398437500000e+02
1.135112304687500000e+02
1.163574218750000000e+02
1.192744140625000000e+02
1.222646484375000000e+02
1.253295898437500000e+02
1.284716796875000000e+02
1.316923828125000000e+02
1.349936523437500000e+02
1.383784179687500000e+02
1.418471679687500000e+02
1.454033203125000000e+02
1.490483398437500000e+02
1.527851562500000000e+02
1.566152343750000000e+02
1.605415039062500000e+02
1.645664062500000000e+02
1.686923828125000000e+02
1.729208984375000000e+02
1.772563476562500000e+02
1.816997070312500000e+02
1.862548828125000000e+02
1.909243164062500000e+02
1.957109375000000000e+02
2.006171875000000000e+02
2.056464843750000000e+02
2.108027343750000000e+02
2.160869140625000000e+02
2.215039062500000000e+02
2.270566406250000000e+02
2.327500000000000000e+02
2.385839843750000000e+02
2.445654296875000000e+02
4.729414062500000000e+02
4.953085937500000000e+02
5.187333984375000000e+02
5.432666015625000000e+02
5.689609375000000000e+02
5.958681640625000000e+02
6.240498046875000000e+02
6.535634765625000000e+02
6.844736328125000000e+02
7.168447265625000000e+02
7.507470703125000000e+02
7.862539062500000000e+02
8.234375000000000000e+02
8.623828125000000000e+02
9.031679687500000000e+02
9.458828125000000000e+02
9.906171875000000000e+02
1.037466796875000000e+03
1.086533203125000000e+03
1.137921875000000000e+03
1.191736328125000000e+03
1.248099609375000000e+03
1.307126953125000000e+03
1.368947265625000000e+03
1.433689453125000000e+03
1.501494140625000000e+03
1.572507812500000000e+03
1.646875000000000000e+03
1.724765625000000000e+03
1.806335937500000000e+03
2.092335224151611328e-01
2.276229858398437500e-01
2.472212314605712891e-01
2.680623531341552734e-01
2.901778221130371094e-01
3.135938644409179688e-01
3.383316993713378906e-01
3.644073009490966797e-01
3.918280601501464844e-01
4.205965995788574219e-01
4.507060050964355469e-01
4.821419715881347656e-01
5.148792266845703125e-01
5.488834381103515625e-01
5.841107368469238281e-01
6.205048561096191406e-01
6.579990386962890625e-01
6.965122222900390625e-01
7.359542846679687500e-01
7.762203216552734375e-01
8.171920776367187500e-01
8.587408065795898438e-01
9.007215499877929688e-01
9.429788589477539062e-01
9.853448867797851562e-01
1.027636528015136719e+00
1.069664001464843750e+00
1.111219406127929688e+00
1.152091979980468750e+00
1.192056655883789062e+00
1.230882644653320312e+00
1.268329620361328125e+00
1.304153442382812500e+00
7.761096954345703125e-01
7.986202239990234375e-01
8.217315673828125000e-01
8.454570770263671875e-01
8.698139190673828125e-01
8.948135375976562500e-01
9.204750061035156250e-01
9.468116760253906250e-01
9.738388061523437500e-01
1.001579284667968750e+00
1.030036926269531250e+00
1.059238433837890625e+00
1.089202880859375000e+00
1.119937896728515625e+00
1.151470184326171875e+00
1.183811187744140625e+00
1.216987609863281250e+00
1.251014709472656250e+00
1.285907745361328125e+00
1.321693420410156250e+00
1.358383178710937500e+00
1.396007537841796875e+00
1.434581756591796875e+00
1.474124908447265625e+00
1.514663696289062500e+00
1.556217193603515625e+00
1.598812103271484375e+00
1.642463684082031250e+00
1.687198638916015625e+00
1.733047485351562500e+00
1.780021667480468750e+00
1.828159332275390625e+00
1.877471923828125000e+00
1.927993774414062500e+00
1.979751586914062500e+00
2.032760620117187500e+00
2.087066650390625000e+00
2.142677307128906250e+00
2.199638366699218750e+00
2.257957458496093750e+00
2.317687988281250000e+00
2.378829956054687500e+00
2.441444396972656250e+00
2.505531311035156250e+00
2.571151733398437500e+00
2.638305664062500000e+00
2.707046508789062500e+00
2.777404785156250000e+00
2.849403381347656250e+00
2.923088073730468750e+00
2.998466491699218750e+00
3.075614929199218750e+00
3.154533386230468750e+00
3.235267639160156250e+00
3.317855834960937500e+00
3.402336120605468750e+00
3.488746643066406250e+00
3.577102661132812500e+00
3.667495727539062500e+00
3.759887695312500000e+00
3.854385375976562500e+00
3.951004028320312500e+00
4.049774169921875000e+00
4.150756835937500000e+00
4.253967285156250000e+00
4.359481811523437500e+00
4.467300415039062500e+00
4.577499389648437500e+00
4.690124511718750000e+00
4.805206298828125000e+00
4.922790527343750000e+00
5.042922973632812500e+00
5.165649414062500000e+00
5.291030883789062500e+00
5.419097900390625000e+00
5.549911499023437500e+00
5.683502197265625000e+00
5.819946289062500000e+00
5.959274291992187500e+00
6.101531982421875000e+00
6.246795654296875000e+00
6.395095825195312500e+00
6.546493530273437500e+00
6.701019287109375000e+00
6.858764648437500000e+00
7.019775390625000000e+00
7.184082031250000000e+00
7.351776123046875000e+00
7.522888183593750000e+00
7.697479248046875000e+00
7.875579833984375000e+00
8.057312011718750000e+00
8.242675781250000000e+00
8.431793212890625000e+00
8.624664306640625000e+00
8.821350097656250000e+00
9.021942138671875000e+00
9.226531982421875000e+00
9.435089111328125000e+00
9.647766113281250000e+00
9.864562988281250000e+00
1.008560180664062500e+01
1.031088256835937500e+01
1.054055786132812500e+01
1.077459716796875000e+01
1.101312255859375000e+01
1.125619506835937500e+01
1.150387573242187500e+01
1.175622558593750000e+01
1.201333618164062500e+01
1.227526855468750000e+01
1.254205322265625000e+01
1.281384277343750000e+01
1.309057617187500000e+01
1.337249755859375000e+01
1.365960693359375000e+01
1.395184326171875000e+01
1.424945068359375000e+01
1.455249023437500000e+01
1.486096191406250000e+01
1.517492675781250000e+01
1.549456787109375000e+01
1.581982421875000000e+01
1.615093994140625000e+01
1.648785400390625000e+01
1.683062744140625000e+01
1.717938232421875000e+01
1.753430175781250000e+01
1.789532470703125000e+01
1.826251220703125000e+01
1.863610839843750000e+01
1.901599121093750000e+01
1.940234375000000000e+01
1.979522705078125000e+01
2.019476318359375000e+01
2.060095214843750000e+01
2.101391601562500000e+01
2.143371582031250000e+01
2.186053466796875000e+01
2.229425048828125000e+01
2.273516845703125000e+01
2.318310546875000000e+01
2.363842773437500000e+01
2.410095214843750000e+01
2.457104492187500000e+01
2.504846191406250000e+01
2.553356933593750000e+01
2.602636718750000000e+01
2.652673339843750000e+01
2.703503417968750000e+01
2.755114746093750000e+01
2.807519531250000000e+01
2.860742187500000000e+01
2.914770507812500000e+01
2.969616699218750000e+01
3.025292968750000000e+01
3.081811523437500000e+01
3.139160156250000000e+01
3.197375488281250000e+01
3.256445312500000000e+01
3.316381835937500000e+01
3.377185058593750000e+01
3.438879394531250000e+01
3.501464843750000000e+01
3.564953613281250000e+01
3.629321289062500000e+01
3.694628906250000000e+01
3.760839843750000000e+01
3.827990722656250000e+01
3.896057128906250000e+01
3.965075683593750000e+01
4.035046386718750000e+01
5.013940429687500000e+01
5.139624023437500000e+01
5.268481445312500000e+01
5.400561523437500000e+01
5.535961914062500000e+01
5.674731445312500000e+01
5.816992187500000000e+01
5.962817382812500000e+01
6.112329101562500000e+01
6.265551757812500000e+01
6.422607421875000000e+01
6.583642578125000000e+01
6.748681640625000000e+01
6.917895507812500000e+01
7.091284179687500000e+01
7.269091796875000000e+01
7.451318359375000000e+01
7.638110351562500000e+01
7.829589843750000000e+01
8.025878906250000000e+01
8.227099609375000000e+01
8.433349609375000000e+01
8.644750976562500000e+01
8.861499023437500000e+01
9.083642578125000000e+01
9.311352539062500000e+01
9.544799804687500000e+01
9.784082031250000000e+01
1.002934570312500000e+02
1.028081054687500000e+02
1.053852539062500000e+02
1.080273437500000000e+02
1.107358398437500000e+02
1.135112304687500000e+02
1.163574218750000000e+02
1.192744140625000000e+02
1.222646484375000000e+02
1.253295898437500000e+02
1.284716796875000000e+02
1.316923828125000000e+02
1.349936523437500000e+02
1.383784179687500000e+02
1.418471679687500000e+02
1.454033203125000000e+02
1.490483398437500000e+02
1.527851562500000000e+02
1.566152343750000000e+02
1.605415039062500000e+02
1.645664062500000000e+02
1.686923828125000000e+02
1.729208984375000000e+02
1.772563476562500000e+02
1.816997070312500000e+02
1.862548828125000000e+02
1.909243164062500000e+02
1.957109375000000000e+02
2.006171875000000000e+02
2.056464843750000000e+02
2.108027343750000000e+02
2.160869140625000000e+02
2.215039062500000000e+02
2.270566406250000000e+02
2.327500000000000000e+02
2.385839843750000000e+02
2.445654296875000000e+02
4.729414062500000000e+02
4.953085937500000000e+02
5.187333984375000000e+02
5.432666015625000000e+02
5.689609375000000000e+02
5.958681640625000000e+02
6.240498046875000000e+02
6.535634765625000000e+02
6.844736328125000000e+02
7.168447265625000000e+02
7.507470703125000000e+02
7.862539062500000000e+02
8.234375000000000000e+02
8.623828125000000000e+02
9.031679687500000000e+02
9.458828125000000000e+02
9.906171875000000000e+02
1.037466796875000000e+03
1.086533203125000000e+03
1.137921875000000000e+03
1.191736328125000000e+03
1.248099609375000000e+03
1.307126953125000000e+03
1.368947265625000000e+03
1.433689453125000000e+03
1.501494140625000000e+03
1.572507812500000000e+03
1.646875000000000000e+03
1.724765625000000000e+03
1.806335937500000000e+03
2.092335224151611328e-01
2.276229858398437500e-01
2.472212314605712891e-01
2.680623531341552734e-01
2.901778221130371094e-01
3.135938644409179688e-01
3.383316993713378906e-01
3.644073009490966797e-01
3.918280601501464844e-01
4.205965995788574219e-01
4.507060050964355469e-01
4.821419715881347656e-01
5.148792266845703125e-01
5.488834381103515625e-01
5.841107368469238281e-01
6.205048561096191406e-01
6.579990386962890625e-01
6.965122222900390625e-01
7.359542846679687500e-01
7.762203216552734375e-01
8.171920776367187500e-01
8.587408065795898438e-01
9.007215499877929688e-01
9.429788589477539062e-01
9.853448867797851562e-01
1.027636528015136719e+00
1.069664001464843750e+00
1.111219406127929688e+00
1.152091979980468750e+00
1.192056655883789062e+00
1.230882644653320312e+00
1.268329620361328125e+00
1.304153442382812500e+00
7.761096954345703125e-01
7.986202239990234375e-01
8.217315673828125000e-01
8.454570770263671875e-01
8.698139190673828125e-01
8.948135375976562500e-01
9.204750061035156250e-01
9.468116760253906250e-01
9.738388061523437500e-01
1.001579284667968750e+00
1.030036926269531250e+00
1.059238433837890625e+00
1.089202880859375000e+00
1.119937896728515625e+00
1.151470184326171875e+00
1.183811187744140625e+00
1.216987609863281250e+00
1.251014709472656250e+00
1.285907745361328125e+00
1.321693420410156250e+00
1.358383178710937500e+00
1.396007537841796875e+00
1.434581756591796875e+00
1.474124908447265625e+00
1.514663696289062500e+00
1.556217193603515625e+00
1.598812103271484375e+00
1.642463684082031250e+00
1.687198638916015625e+00
1.733047485351562500e+00
1.780021667480468750e+00
1.828159332275390625e+00
1.877471923828125000e+00
1.927993774414062500e+00
1.979751586914062500e+00
2.032760620117187500e+00
2.087066650390625000e+00
2.142677307128906250e+00
2.199638366699218750e+00
2.257957458496093750e+00
2.317687988281250000e+00
2.378829956054687500e+00
2.441444396972656250e+00
2.505531311035156250e+00
2.571151733398437500e+00
2.638305664062500000e+00
2.707046508789062500e+00
2.777404785156250000e+00
2.849403381347656250e+00
2.923088073730468750e+00
2.998466491699218750e+00
3.075614929199218750e+00
3.154533386230468750e+00
3.235267639160156250e+00
3.317855834960937500e+00
3.402336120605468750e+00
3.488746643066406250e+00
3.577102661132812500e+00
3.667495727539062500e+00
3.759887695312500000e+00
3.854385375976562500e+00
3.951004028320312500e+00
4.049774169921875000e+00
4.150756835937500000e+00
4.253967285156250000e+00
4.359481811523437500e+00
4.467300415039062500e+00
4.577499389648437500e+00
4.690124511718750000e+00
4.805206298828125000e+00
4.922790527343750000e+00
5.042922973632812500e+00
5.165649414062500000e+00
5.291030883789062500e+00
5.419097900390625000e+00
5.549911499023437500e+00
5.683502197265625000e+00
5.819946289062500000e+00
5.959274291992187500e+00
6.101531982421875000e+00
6.246795654296875000e+00
6.395095825195312500e+00
6.546493530273437500e+00
6.701019287109375000e+00
6.858764648437500000e+00
7.019775390625000000e+00
7.184082031250000000e+00
7.351776123046875000e+00
7.522888183593750000e+00
7.697479248046875000e+00
7.875579833984375000e+00
8.057312011718750000e+00
8.242675781250000000e+00
8.431793212890625000e+00
8.624664306640625000e+00
8.821350097656250000e+00
9.021942138671875000e+00
9.226531982421875000e+00
9.435089111328125000e+00
9.647766113281250000e+00
9.864562988281250000e+00
1.008560180664062500e+01
1.031088256835937500e+01
1.054055786132812500e+01
1.077459716796875000e+01
1.101312255859375000e+01
1.125619506835937500e+01
1.150387573242187500e+01
1.175622558593750000e+01
1.201333618164062500e+01
1.227526855468750000e+01
1.254205322265625000e+01
1.281384277343750000e+01
1.309057617187500000e+01
1.337249755859375000e+01
1.365960693359375000e+01
1.395184326171875000e+01
1.424945068359375000e+01
1.455249023437500000e+01
1.486096191406250000e+01
1.517492675781250000e+01
1.549456787109375000e+01
1.581982421875000000e+01
1.615093994140625000e+01
1.648785400390625000e+01
1.683062744140625000e+01
1.717938232421875000e+01
1.753430175781250000e+01
1.789532470703125000e+01
1.826251220703125000e+01
1.863610839843750000e+01
1.901599121093750000e+01
1.940234375000000000e+01
1.979522705078125000e+01
2.019476318359375000e+01
2.060095214843750000e+01
2.101391601562500000e+01
2.143371582031250000e+01
2.186053466796875000e+01
2.229425048828125000e+01
2.273516845703125000e+01
2.318310546875000000e+01
2.363842773437500000e+01
2.410095214843750000e+01
2.457104492187500000e+01
2.504846191406250000e+01
2.553356933593750000e+01
2.602636718750000000e+01
2.652673339843750000e+01
2.703503417968750000e+01
2.755114746093750000e+01
2.807519531250000000e+01
2.860742187500000000e+01
2.914770507812500000e+01
2.969616699218750000e+01
3.025292968750000000e+01
3.081811523437500000e+01
3.139160156250000000e+01
3.197375488281250000e+01
3.256445312500000000e+01
3.316381835937500000e+01
3.377185058593750000e+01
3.438879394531250000e+01
3.501464843750000000e+01
3.564953613281250000e+01
3.629321289062500000e+01
3.694628906250000000e+01
3.760839843750000000e+01
3.827990722656250000e+01
3.896057128906250000e+01
3.965075683593750000e+01
4.035046386718750000e+01
5.013940429687500000e+01
5.139624023437500000e+01
5.268481445312500000e+01
5.400561523437500000e+01
5.535961914062500000e+01
5.674731445312500000e+01
5.816992187500000000e+01
5.962817382812500000e+01
6.112329101562500000e+01
6.265551757812500000e+01
6.422607421875000000e+01
6.583642578125000000e+01
6.748681640625000000e+01
6.917895507812500000e+01
7.091284179687500000e+01
7.269091796875000000e+01
7.451318359375000000e+01
7.638110351562500000e+01
7.829589843750000000e+01
8.025878906250000000e+01
8.227099609375000000e+01
8.433349609375000000e+01
8.644750976562500000e+01
8.861499023437500000e+01
9.083642578125000000e+01
9.311352539062500000e+01
9.544799804687500000e+01
9.784082031250000000e+01
1.002934570312500000e+02
1.028081054687500000e+02
1.053852539062500000e+02
1.080273437500000000e+02
1.107358398437500000e+02
1.135112304687500000e+02
1.163574218750000000e+02
1.192744140625000000e+02
1.222646484375000000e+02
1.253295898437500000e+02
1.284716796875000000e+02
1.316923828125000000e+02
1.349936523437500000e+02
1.383784179687500000e+02
1.418471679687500000e+02
1.454033203125000000e+02
1.490483398437500000e+02
1.527851562500000000e+02
1.566152343750000000e+02
1.605415039062500000e+02
1.645664062500000000e+02
1.686923828125000000e+02
1.729208984375000000e+02
1.772563476562500000e+02
1.816997070312500000e+02
1.862548828125000000e+02
1.909243164062500000e+02
1.957109375000000000e+02
2.006171875000000000e+02
2.056464843750000000e+02
2.108027343750000000e+02
2.160869140625000000e+02
2.215039062500000000e+02
2.270566406250000000e+02
2.327500000000000000e+02
2.385839843750000000e+02
2.445654296875000000e+02
4.729414062500000000e+02
4.953085937500000000e+02
5.187333984375000000e+02
5.432666015625000000e+02
5.689609375000000000e+02
5.958681640625000000e+02
6.240498046875000000e+02
6.535634765625000000e+02
6.844736328125000000e+02
7.168447265625000000e+02
7.507470703125000000e+02
7.862539062500000000e+02
8.234375000000000000e+02
8.623828125000000000e+02
9.031679687500000000e+02
9.458828125000000000e+02
9.906171875000000000e+02
1.037466796875000000e+03
1.086533203125000000e+03
1.137921875000000000e+03
1.191736328125000000e+03
1.248099609375000000e+03
1.307126953125000000e+03
1.368947265625000000e+03
1.433689453125000000e+03
1.501494140625000000e+03
1.572507812500000000e+03
1.646875000000000000e+03
1.724765625000000000e+03
1.806335937500000000e+03
